350
326
384
434
502
544
556
557
526
509
541
535
514
510
473
444
468
431
370
336
281
277
288
289
321
366
628
522
492
412
438
363
365
415
391
419
406
388
416
431
493
575
533
534
523
475
498
406
384
437
466
466
459
375
413
385
373
336
375
404
437
436
396
393
431
380
407
388
387
411
442
433
448
440
453
424
468
478
437
449
522
551
518
552
600
577
609
630
730
710
698
688
592
570
599
617
629
615
586
549
603
587
617
765
790
778
808
1050
1039
944
848
921
884
740
616
670
643
729
731
653
577
490
533
537
560
681
715
711
747
730
679
606
576
665
782
742
746
844
850
808
766
746
800
806
872
857
824
877
809
804
834
755
828
703
671
580
566
602
579
520
531
547
536
484
457
508
528
471
533
606
562
602
638
664
633
638
667
679
580
606
562
621
593
543
590
634
572
585
556
607
612
549
565
565
597
656
614
554
596
562
463
321
248
232
288
246
216
217
302
391
514
568
574
543
616
666
592
621
634
611
694
733
760
756
688
821
743
709
752
787
835
1000
1063
921
998
924
864
903
863
801
759
773
837
845
754
782
917
910
935
802
834
892
875
904
994
842
914
960
1087
1083
875
871
937
925
958
971
885
828
768
640
622
633
666
762
622
689
688
668
638
609
612
613
625
570
596
663
741
648
591
567
658
676
735
748
716
820
739
737
671
1772
666
674
685
559
574
548
571
529
549
499
490
538
603
580
539
578
585
628
689
575
454
422
483
412
491
614
632
662
571
601
705
666
735
735
780
720
654
713
694
516
499
515
563
545
593
589
711
800
677
639
743
768
783
822
921
830
777
777
865
861
1079
1158
993
1013
786
796
801
701
662
708
710
625
685
717
838
960
1041
983
922
858
912
1012
1144
1205
1151
1123
964
864
897
895
889
909
928
937
964
1065
1186
1154
1076
1216
1205
1199
1097
1279
1181
1312
1237
1347
1642
1384
1491
1450
1411
1353
1008
961
771
682
611
448
521
427
380
374
389
419
489
593
645
650
594
669
626
544
533
541
635
562
553
538
571
509
569
631
623
636
698
774
774
807
838
730
710
720
728
725
876
790
891
844
952
921
1094
1141
1132
1189
1030
1011
935
953
777
727
695
633
490
407
390
384
482
416
360
462
519
629
694
726
730
799
671
573
516
449
497
427
434
394
388
382
497
576
654
718
750
678
531
689
680
610
671
684
802
649
642
628
709
686
748
631
682
702
826
887
808
917
993
941
1113
1092
1055
1142
1106
1141
1113
1262
1346
1418
1588
1659
1583
1688
1706
2012
2231
2351
2609
2800
2575
2801
3177
3250
3527
3588
3942
3688
3672
3775
4127
3886
3943
3727
3779
3707
3793
3654
3782
3344
3212
3133
3119
2927
2930
2609
2347
2346
1939
1849
1712
1495
1601
1527
1267
1304
1160
834
928
829
836
822
778
822
720
617
568
430
413
405
399
434
499
476
483
476
480
406
426
408
442
514
491
538
680
635
678
687
660
367
347
440
343
343
450
492
592
726
484
457
409
396
264
284
276
195
211
199
222
243
248
316
361
441
454
415
476
493
465
393
411
390
314
296
275
304
312
290
339
407
542
529
434
579
597
499
492
402
397
461
415
360
398
358
396
409
429
453
508
466
446
475
483
509
520
540
534
547
596
585
490
522
440
374
473
494
498
403
498
472
452
475
429
430
469
382
429
401
391
418
412
457
397
410
395
454
386
413
393
380
413
459
412
451
460
447
518
513
498
561
527
587
580
604
596
641
678
732
671
612
635
617
651
578
572
600
606
598
631
613
654
569
560
544
505
410
397
501
523
507
457
463
466
459
418
602
534
469
546
513
470
467
430
430
430
446
389
350
403
517
507
524
501
462
494
535
511
613
588
663
604
593
578
489
532
546
550
625
585
651
614
692
587
659
576
621
597
698
821
603
632
567
609
602
716
658
727
871
796
846
973
778
698
795
738
597
579
710
724
666
796
1117
955
971
1034
943
935
1194
1080
1008
1053
1011
1077
1178
913
1090
978
1018
929
903
1007
872
888
1095
1257
987
876
871
922
745
740
779
921
906
803
812
680
808
854
910
1010
1023
980
1033
995
1029
1082
1030
1160
1214
1073
1100
1143
895
832
833
625
529
500
502
397
446
390
378
321
346
375
335
259
260
285
341
302
292
350
332
309
362
388
434
404
370
368
421
414
464
450
441
476
496
480
408
372
450
401
389
459
639
607
472
505
495
445
456
434
525
581
610
728
575
536
613
590
582
535
606
600
483
542
541
566
554
568
558
644
689
731
583
607
581
562
614
576
453
454
444
473
506
449
459
515
545
628
670
582
618
578
788
775
868
838
796
814
821
727
740
698
694
623
564
530
501
498
671
589
558
633
690
610
623
607
609
630
489
554
489
547
589
785
992
1122
1077
988
990
849
832
904
906
797
494
548
695
643
504
375
365
411
510
486
431
403
426
448
474
630
696
654
638
527
421
412
521
518
499
482
589
765
796
872
850
833
685
755
840
636
458
430
360
403
397
498
474
507
453
417
348
433
427
377
358
456
464
473
322
329
281
349
307
354
304
293
308
346
347
362
424
453
531
466
356
479
461
533
522
550
496
489
609
586
590
460
539
483
587
669
639
541
491
500
554
621
564
595
634
637
667
654
797
771
774
815
853
839
870
914
885
907
913
941
931
834
927
718
527
612
488
556
525
496
416
397
422
462
440
429
387
431
420
428
464
452
452
476
447
476
476
450
527
516
520
501
477
425
424
413
371
354
346
307
281
341
297
276
373
364
309
305
305
270
261
272
348
323
300
267
291
227
249
275
291
306
272
257
232
229
223
220
218
290
424
487
453
404
450
489
568
536
531
590
662
594
575
595
611
682
628
629
650
692
761
819
811
850
849
702
805
711
840
892
990
1073
1016
984
951
1018
1683
1234
1224
1205
1305
1207
1107
1057
1039
934
896
1005
987
1001
1012
1036
1045
938
1063
1014
1002
993
1047
957
1077
1013
1025
1083
994
936
916
947
1112
1080
1103
1204
1219
1154
1101
1141
1272
1183
1210
1221
1191
1195
1176
929
845
830
808
745
776
753
698
812
896
769
802
749
757
715
646
723
742
678
700
702
734
708
764
906
1115
1043
1026
1002
941
884
845
848
787
834
788
838
785
656
645
607
631
652
635
692
726
605
623
599
553
514
468
549
594
582
505
556
576
586
656
825
738
811
835
834
862
968
917
964
1051
989
930
1035
1967
814
715
743
746
779
667
710
702
689
674
651
654
668
552
573
534
557
577
621
723
657
723
676
798
761
831
880
824
1040
1051
949
1001
1048
1037
1100
1021
1089
1138
1103
1094
1097
1038
987
1036
983
956
927
873
874
766
784
670
551
648
620
502
521
602
616
551
486
453
466
461
465
500
503
456
502
481
539
511
393
446
464
925
485
418
380
390
370
415
396
416
355
356
341
330
278
324
418
422
448
418
417
360
328
337
260
294
216
263
261
273
354
280
308
285
307
362
368
255
307
261
286
333
330
317
295
291
277
274
293
329
268
316
293
278
366
442
413
390
434
408
363
400
369
479
391
511
489
589
636
593
520
600
664
528
492
406
417
412
433
398
372
409
414
421
462
517
491
495
530
515
509
490
428
507
556
538
532
553
541
573
530
533
632
685
584
573
578
499
571
543
548
502
560
513
521
556
585
727
515
587
543
558
468
446
496
431
439
397
365
486
426
409
426
515
543
622
651
720
742
751
758
878
780
830
954
991
1017
1183
1143
1194
1115
1106
1103
1143
1278
1265
1255
1235
1403
1288
1348
1367
1330
1536
1557
1453
1529
1405
1489
1261
1279
1163
1094
1084
1117
1039
982
916
897
960
916
921
905
964
1067
1094
1065
1252
1369
1262
1280
1200
1243
1270
1115
1135
1105
1143
1007
1029
1001
976
974
1050
948
928
1004
974
795
698
737
698
806
807
775
680
721
639
664
626
642
683
806
854
1067
1085
916
951
956
1120
1001
992
1019
1152
1304
1374
1278
1449
1414
1293
1310
1210
1258
1209
1213
1196
1125
1195
1105
1026
1033
936
958
922
843
854
848
761
705
836
796
861
819
788
707
728
700
824
847
879
789
855
890
903
853
837
879
903
968
844
821
861
730
786
748
779
863
846
828
770
734
620
626
564
497
499
511
525
694
776
725
727
869
931
780
713
760
808
764
622
592
632
621
615
656
543
525
605
482
536
564
519
395
469
380
518
482
464
444
409
393
504
507
707
597
698
694
709
688
772
693
540
656
560
688
613
590
473
572
528
559
641
765
843
902
899
970
1001
1017
927
827
1006
924
824
731
759
561
619
467
494
411
400
363
426
537
521
665
651
616
597
833
946
953
816
802
889
963
1022
892
840
657
758
685
589
593
522
504
641
736
704
694
893
904
901
898
954
899
813
683
737
693
632
892
952
745
796
675
680
529
514
488
484
522
437
486
534
535
579
695
693
620
627
663
640
814
897
596
590
643
679
709
767
723
707
830
814
731
670
711
801
757
775
706
724
726
600
547
548
533
592
514
552
582
591
608
597
531
443
461
453
418
454
430
419
358
419
351
387
393
383
387
342
297
278
347
397
418
402
402
323
356
405
454
460
388
480
560
654
663
727
743
714
695
713
714
737
760
699
780
802
817
797
787
814
771
799
735
798
773
678
748
742
703
722
661
786
664
688
537
546
564
522
490
540
524
612
598
545
578
544
566
602
562
539
580
599
664
751
673
651
663
613
569
585
487
556
483
511
491
439
502
535
564
577
541
641
686
584
735
1079
817
739
536
587
692
661
635
552
589
532
483
616
650
823
747
642
731
909
864
690
683
844
785
861
790
704
702
644
610
562
538
553
452
452
421
405
485
432
610
525
557
696
698
697
608
550
521
680
541
658
619
634
584
516
464
473
488
567
604
628
570
517
513
589
579
583
527
623
669
643
586
585
616
727
673
711
764
831
753
530
687
604
692
719
712
717
670
598
543
502
494
539
503
460
503
706
574
630
679
709
759
740
799
767
816
769
742
764
821
1063
1019
1036
1212
968
1047
1101
1022
1160
1359
1171
1035
850
886
873
907
804
756
615
556
538
569
577
620
564
557
528
646
647
685
731
751
748
831
907
1092
986
1042
923
1016
1077
944
900
984
1023
1097
1051
1094
1078
1159
1025
1061
1198
776
754
674
755
696
780
737
724
703
733
694
839
836
927
1026
883
822
702
697
676
675
603
570
627
525
576
596
613
665
630
662
636
679
841
638
615
697
867
999
952
773
760
848
906
990
879
981
760
720
657
723
707
625
621
742
810
736
709
620
704
618
623
718
806
746
811
872
985
1014
1269
1124
1097
1195
1125
1288
1373
1394
1424
1433
1394
1389
1278
1223
1227
1375
1283
1460
1573
1439
1500
1474
1318
1498
1314
1362
1272
1232
1254
1227
1169
1136
1063
1141
1094
1081
1046
1007
889
1053
851
892
861
879
870
715
679
643
663
729
648
698
710
804
770
1000
1099
1045
908
828
698
790
861
959
921
941
1088
1048
979
902
863
765
621
656
596
579
770
757
877
797
965
783
912
965
744
886
729
829
686
818
701
749
826
711
779
800
665
597
653
762
726
666
665
643
627
569
559
539
616
602
627
595
573
646
616
637
714
758
691
755
728
685
563
531
540
597
620
486
559
593
523
592
558
547
564
658
567
568
528
592
570
663
638
598
648
565
646
644
616
482
641
616
598
506
496
435
527
450
492
509
572
529
426
476
551
543
525
612
610
500
528
546
632
625
724
619
715
754
770
903
863
947
1171
1308
1575
1746
1803
1929
2153
2238
2420
2619
2744
2603
2297
2477
2001
2138
2086
2022
1968
1712
1838
1693
1833
1750
1572
1536
1305
1224
1267
1077
949
1008
1004
986
990
1032
970
998
995
1302
1358
1654
1765
1893
1710
1767
1893
1912
1875
1901
1900
2064
1734
1627
1687
1553
1584
1606
1582
1322
1220
1107
1155
1199
1155
1125
1193
1405
1367
1219
1172
1106
1116
1276
1152
1135
1172
923
825
776
852
761
698
636
818
995
1000
1055
995
1067
1022
1045
1279
1315
1185
1086
850
820
848
690
650
626
813
848
856
890
1025
972
896
763
798
929
1017
1039
963
943
805
671
650
798
1094
1246
1265
1276
1309
1397
1233
1217
1318
1246
1081
1119
981
1104
1067
922
934
861
1035
942
835
999
827
946
907
743
833
803
871
723
824
853
788
913
805
885
838
914
885
858
778
773
787
697
678
689
740
714
638
675
797
825
774
736
849
891
783
741
794
725
644
748
790
874
810
799
749
764
745
691
700
710
760
754
727
732
697
740
644
686
596
686
713
718
658
608
623
591
717
672
710
644
760
804
860
767
769
764
685
777
697
673
720
569
611
627
666
672
648
654
671
646
572
560
633
684
698
616
548
610
611
605
684
600
576
705
640
663
547
627
575
751
790
569
656
599
656
786
747
671
652
653
673
738
676
665
683
712
618
631
630
726
656
730
748
758
775
809
920
940
913
928
928
965
868
798
793
741
875
926
946
784
814
744
783
748
799
719
685
680
639
646
689
600
487
499
522
482
524
573
602
641
566
611
589
653
684
763
816
701
691
627
742
680
646
615
661
599
575
653
493
563
569
448
441
598
589
671
636
739
658
542
687
705
723
579
400
405
1315
403
496
518
579
631
768
757
684
807
707
708
720
665
600
589
589
572
524
430
548
549
492
504
553
495
463
450
503
601
549
639
595
422
418
476
437
496
497
517
594
550
489
516
605
626
715
766
673
762
786
757
796
807
710
676
811
709
737
743
704
870
1009
1096
1069
1010
843
807
868
736
795
940
794
787
885
1011
935
1146
903
706
730
690
805
608
625
487
463
469
462
437
462
472
418
369
323
309
320
304
314
356
359
350
344
346
350
388
349
372
356
338
312
342
316
261
294
307
425
595
629
713
695
748
816
876
897
923
978
975
950
996
983
1074
1030
924
975
1108
1083
1103
1082
1120
1115
1128
1163
1069
1068
1080
1086
1096
1131
1055
1058
1065
961
956
942
941
930
892
979
966
904
1022
937
986
984
1054
992
1011
929
982
1033
940
998
980
988
971
976
955
938
964
898
895
1022
841
929
840
865
863
874
959
933
903
1086
1041
1042
1272
1185
1225
926
809
1128
867
990
998
890
913
868
930
843
934
886
888
887
947
935
1062
957
876
996
959
978
988
1050
1008
816
752
750
671
698
699
758
745
749
663
712
731
776
681
657
601
597
631
729
608
682
658
687
588
597
543
524
557
479
481
509
443
523
568
691
626
652
594
596
604
635
602
508
560
538
521
471
491
466
453
534
458
468
525
563
502
522
593
535
632
703
632
633
645
810
671
646
637
702
784
790
798
815
1043
1259
1133
1264
1302
1246
1323
1552
1283
1236
919
956
819
734
775
794
907
779
967
1147
1151
1009
1127
1170
1115
1020
936
986
1171
1175
1198
1349
1513
1452
1485
1467
1733
1433
1370
1233
1233
1231
1298
1187
1299
1354
1183
1138
1140
1100
1183
1129
1049
1024
1109
994
960
994
1061
968
929
924
827
813
745
734
707
745
642
668
746
737
719
636
555
622
749
652
712
951
1074
1069
1065
1074
1005
892
723
749
738
929
846
852
950
1140
996
844
877
945
894
708
701
586
498
536
544
553
555
503
468
581
598
475
552
542
585
667
623
650
980
864
783
720
750
734
613
569
523
447
529
473
399
391
327
364
363
436
469
524
513
561
600
614
661
606
556
447
392
349
378
378
494
481
499
433
445
391
338
356
425
443
361
413
504
644
640
540
501
494
512
616
482
563
517
531
485
528
611
794
647
564
729
802
867
909
936
746
921
756
759
505
519
518
512
596
535
583
536
528
597
458
426
303
418
382
400
403
451
418
407
487
577
627
629
682
712
697
713
879
857
840
852
1020
966
848
859
850
830
762
608
609
590
495
551
515
578
640
662
708
701
792
786
908
858
880
998
965
917
895
908
1014
943
1015
937
900
818
873
935
907
881
896
797
901
964
907
994
862
830
915
861
833
782
654
706
803
743
738
671
785
750
762
803
765
869
751
880
1052
896
818
830
902
1018
1082
999
986
1125
1166
1149
1364
1493
1670
1861
2105
2399
2477
2717
2998
3149
3228
3368
3294
3588
3470
3420
3497
3339
3505
3487
3343
3374
3157
3048
2669
2642
2712
2477
2662
2429
2515
2209
2007
1994
1809
1874
1947
1602
1461
1556
1571
1556
1699
1630
1649
1650
1660
1574
1765
1916
2002
2382
2477
2554
2373
2414
2570
2784
2631
2756
2788
2840
2921
2860
2775
2648
2588
2436
2160
1837
1633
1474
1065
1030
851
900
856
819
890
1034
1081
1094
1209
1278
1212
1159
1039
1059
1205
1260
1087
1080
1089
1220
1271
1381
1363
1475
1326
1442
1487
1684
1599
1403
1487
1378
1357
1479
1561
1516
1468
1635
1702
1761
1919
2086
2228
1923
1865
1946
1863
1590
1484
1191
1054
1046
944
963
838
821
1036
1160
1251
1210
1314
1173
1065
916
909
893
883
777
1048
1282
1279
1468
1340
1262
1317
1345
1320
1450
1410
1398
1489
1459
1391
1393
1464
1565
1757
1764
1880
2084
2087
2150
2299
2387
2589
2808
2987
3193
3135
3299
3409
3142
3154
3160
2938
3235
2977
2855
2789
2668
2521
2350
2406
2438
2030
1905
1867
1540
1588
1449
1343
1318
1336
1258
1242
1207
1142
1032
942
905
856
928
940
1001
974
924
1004
943
855
877
989
1081
1069
1131
1074
1356
1417
1230
983
797
837
770
833
837
923
897
918
834
788
654
649
588
529
520
562
604
653
724
833
860
956
959
934
847
802
771
687
736
766
874
863
888
924
1015
1071
1065
1043
856
764
738
734
791
793
793
861
822
938
962
914
883
920
895
1159
988
1154
1122
1128
1132
967
847
865
974
881
864
895
887
896
901
963
881
881
868
863
807
892
993
875
915
789
926
846
972
820
870
947
979
1062
1070
1042
1121
1025
1006
910
921
842
875
889
959
958
971
841
882
869
911
838
970
847
951
911
819
938
918
1016
870
757
712
663
710
828
874
906
881
912
953
902
939
1024
1052
938
1061
893
901
820
880
880
868
830
800
908
964
998
1156
1047
1034
1221
1292
1407
1382
1319
1285
1124
1187
1141
1238
1269
1284
1408
1359
1321
1110
1158
1179
1158
1305
1269
1155
1111
1165
1172
1307
1522
1425
1535
1536
1493
1324
1501
1348
1281
1461
1398
1461
1799
2009
1652
1819
1533
1603
1484
1627
1649
1607
1673
1551
1733
1643
1588
1692
1898
1624
1557
1661
1475
1351
1611
1630
1551
1456
1463
1702
1875
1830
1767
1894
1873
1873
2033
2154
1801
1647
1787
1629
1499
1303
1142
1068
1030
1052
1004
917
934
843
857
827
719
748
669
754
661
780
856
777
827
906
911
978
894
892
842
1022
1017
1062
946
916
859
954
993
1029
1130
1064
1042
988
1001
1076
1159
1034
1081
1095
1085
1052
983
850
890
856
914
1033
995
881
948
848
1021
861
929
969
936
930
989
1250
1185
985
989
832
815
838
904
982
677
619
679
564
615
618
754
678
796
891
954
952
899
808
814
912
965
862
954
988
973
788
881
943
1031
918
1015
947
881
873
934
878
738
710
702
738
713
760
856
956
826
1051
979
1122
1069
1092
1130
1199
1169
1237
1298
1206
1172
1095
1085
1103
1266
1220
1045
1112
1091
990
973
930
1077
1055
1026
1169
1179
1007
1103
1132
1173
1143
1047
1101
1042
1078
1025
1002
958
859
958
925
884
784
692
717
632
660
472
492
511
444
450
445
413
409
433
501
511
549
605
632
784
722
723
751
639
619
683
743
738
733
761
679
745
834
837
899
961
952
806
757
614
660
698
652
682
728
825
776
732
763
788
767
922
974
854
797
845
848
747
861
715
659
665
666
624
640
599
581
817
845
927
754
810
776
745
872
934
902
973
1033
932
786
870
845
694
713
738
681
773
692
706
654
774
774
744
772
767
816
793
707
782
846
886
923
1208
1070
943
950
1102
1073
829
806
815
884
882
771
770
827
797
825
730
778
693
719
823
788
821
828
827
829
859
870
1029
966
935
984
1100
964
966
1080
1038
1049
1008
1013
1011
1108
963
1145
968
938
933
803
764
792
718
702
812
735
765
896
961
944
1058
928
967
767
773
853
1029
981
1028
1135
1116
1216
1142
1271
1185
1316
1244
1284
1001
885
855
892
835
926
772
680
616
562
560
653
673
709
765
841
885
818
735
757
603
667
642
599
638
680
804
801
673
692
587
652
781
823
777
750
848
826
861
769
915
922
872
869
1004
1007
1176
1142
1074
1194
1397
1134
1034
1020
981
900
1002
1002
921
903
872
928
1032
943
942
900
912
985
902
1066
1339
1253
1139
1257
1077
952
824
919
911
991
1010
993
867
826
746
850
769
767
705
764
806
839
957
859
956
1051
1156
1255
1337
1133
1019
1157
1082
1122
1111
1207
1334
1184
1342
1189
1111
1063
1169
1202
1144
1138
1113
1152
1079
1278
1185
1184
1089
1253
1245
1390
1151
1226
1174
1065
1070
1181
1229
1370
1365
1254
1172
1220
1248
1324
1298
1230
1246
1102
975
980
920
962
945
1005
1086
1002
946
855
975
822
822
792
833
926
1139
927
1113
1058
992
1037
972
1007
871
882
900
836
648
760
673
790
726
768
933
998
1029
1002
871
905
862
783
843
855
826
720
653
682
759
840
789
766
701
572
641
699
841
845
783
802
829
870
827
807
927
869
821
819
784
691
785
675
605
557
640
765
701
755
801
876
903
804
1003
878
861
746
790
744
749
813
772
737
743
659
645
663
742
730
687
789
742
930
891
1021
996
973
1051
1077
1020
996
1013
941
868
860
795
954
892
994
1017
865
896
934
969
947
1089
1092
1135
1120
1219
1284
1233
1272
1275
1304
1335
1235
1266
1367
1266
1351
1452
1595
1463
1446
1496
1486
1553
1591
1543
1602
1417
1514
1469
1337
1439
1419
1204
1251
1162
1041
1003
927
910
855
881
820
783
722
732
701
691
802
778
818
772
847
857
925
885
1034
970
930
1024
885
945
866
814
732
769
697
644
720
731
808
855
932
982
1001
1020
922
972
980
919
1012
1009
1000
1182
1290
1180
1268
1307
1262
1397
1322
1360
1137
1153
1034
1190
1200
1058
1065
961
993
957
1038
1041
1091
1132
1081
906
903
826
876
983
1018
1022
1038
962
