341
279
336
345
367
430
489
456
411
454
438
427
371
370
360
359
391
329
340
295
225
213
228
213
268
268
300
263
301
298
329
327
274
271
225
243
281
250
281
265
264
270
272
298
265
256
277
259
245
243
251
269
264
321
323
261
266
262
258
274
307
310
289
247
271
256
325
259
280
275
298
294
337
316
307
334
325
322
309
334
406
394
352
381
450
417
432
401
420
386
416
404
398
371
366
337
384
354
328
330
341
351
375
334
388
416
363
445
412
514
516
455
508
432
457
481
397
479
486
435
346
308
316
334
357
415
419
432
463
444
409
465
519
492
440
429
441
468
511
475
500
556
496
469
479
499
445
493
452
448
488
480
466
427
359
302
311
319
294
292
285
309
258
273
277
242
248
208
238
252
288
359
368
368
347
346
352
338
319
325
341
332
347
339
361
341
323
343
344
345
374
341
431
383
332
317
318
333
355
279
192
150
107
97
129
127
145
142
166
205
297
334
336
396
434
447
424
394
421
394
419
438
404
453
446
429
476
468
520
425
470
481
486
450
488
443
398
431
372
346
298
332
336
336
321
361
379
380
373
402
388
376
361
370
387
315
312
305
358
348
368
380
287
257
316
319
258
323
203
195
241
244
231
235
232
234
249
254
283
276
257
312
291
312
286
260
293
308
378
321
330
300
331
357
348
353
314
288
300
271
261
264
287
147
215
225
235
253
227
252
265
241
274
257
239
239
234
262
260
251
273
223
185
249
288
309
331
368
428
348
391
412
388
432
422
419
436
491
418
429
354
274
272
320
299
324
382
397
424
334
366
395
355
370
401
391
412
376
389
457
461
432
460
457
412
338
364
357
352
358
332
328
300
358
360
390
376
377
340
348
358
405
495
529
461
546
492
514
475
494
450
456
370
425
368
466
441
451
461
438
444
447
466
479
602
610
641
622
633
673
682
725
690
624
504
502
404
341
308
277
305
307
298
263
248
241
267
289
330
309
348
391
383
356
390
289
324
335
305
344
289
353
372
396
408
397
409
471
451
504
473
369
357
336
330
317
314
327
297
233
273
332
348
383
390
442
378
420
460
511
426
422
432
318
288
259
225
244
243
239
188
216
213
249
285
309
287
284
266
271
293
226
240
203
213
173
190
198
179
178
223
202
280
270
253
274
347
303
298
302
298
297
329
343
353
380
390
403
356
397
477
488
523
518
589
599
620
649
643
610
728
737
764
800
831
876
908
1030
930
1034
1103
1259
1309
1470
1667
1817
1607
1676
1816
1974
2155
2272
2485
2403
2457
2512
2587
2479
2427
2335
2290
2338
2184
2258
1940
2077
1879
1808
1716
1619
1513
1582
1388
1687
1289
1236
1135
1127
926
941
781
644
633
569
532
464
570
516
500
482
527
418
350
308
243
259
260
280
272
304
343
359
261
275
264
281
271
266
339
349
350
295
270
308
258
271
263
248
235
250
279
246
304
219
223
197
189
187
143
135
163
181
150
133
138
141
171
187
210
233
256
202
202
206
219
218
177
176
166
194
170
177
174
182
185
212
220
287
261
255
322
317
270
237
236
268
238
285
280
249
241
287
247
283
315
302
387
373
403
397
390
378
441
481
532
486
514
502
428
415
380
362
365
344
288
308
300
263
273
278
296
291
312
315
285
306
333
307
324
288
294
293
280
290
304
298
299
335
323
306
332
305
332
403
378
356
406
476
406
437
467
470
503
537
566
553
415
405
462
419
418
384
342
370
409
408
416
348
322
266
262
253
213
235
258
209
241
243
236
264
257
322
311
258
263
313
341
344
326
276
207
231
220
235
195
196
191
214
252
231
242
252
232
273
258
265
341
311
375
392
362
364
367
408
419
442
370
359
341
366
314
292
269
321
364
418
348
319
303
263
297
302
340
387
349
345
397
413
349
358
341
347
325
331
385
406
347
439
456
418
412
478
461
438
462
453
496
498
478
471
589
558
529
603
541
516
560
562
540
530
584
548
457
456
400
324
305
332
338
346
433
458
431
452
434
510
516
496
508
452
390
476
471
424
442
414
399
395
397
365
342
292
289
270
230
219
260
227
245
245
219
221
241
190
205
177
182
197
177
162
174
188
203
192
234
247
296
273
261
247
243
193
237
228
237
214
197
233
217
209
221
194
197
302
272
264
231
250
257
256
313
343
422
433
451
349
307
314
372
336
376
332
385
291
312
277
313
294
307
383
347
420
440
366
438
314
287
369
324
277
303
286
282
281
255
301
322
349
341
414
440
397
356
352
422
400
425
408
471
423
483
397
497
529
523
458
396
335
320
355
326
335
384
401
420
416
442
372
348
359
311
281
293
317
367
389
378
317
339
368
363
401
366
395
338
368
327
306
382
265
255
239
269
264
372
299
260
215
243
322
352
301
306
315
271
229
300
239
294
225
230
255
307
285
276
288
360
333
364
396
308
270
256
277
233
244
226
250
243
251
251
211
276
211
169
229
330
321
313
227
187
190
285
165
192
184
190
210
190
167
147
177
201
247
251
230
329
230
277
326
334
328
319
331
389
382
338
346
294
318
314
316
295
269
370
344
341
359
336
336
353
357
389
395
413
445
445
454
471
444
434
482
479
531
478
506
422
385
369
342
258
271
218
252
229
236
249
243
233
263
242
218
237
234
255
242
268
264
235
227
243
252
229
304
290
257
234
243
252
214
186
192
198
166
164
170
194
187
159
178
150
158
187
175
176
156
180
173
144
173
151
185
158
123
135
154
157
150
140
144
112
115
130
131
161
178
232
266
248
307
320
278
329
351
403
427
371
369
373
409
381
359
428
413
412
411
442
446
473
467
408
475
442
416
382
414
324
372
354
384
400
432
456
531
515
515
474
444
454
441
477
432
467
445
480
458
535
510
490
471
500
428
471
457
480
418
459
431
411
393
415
389
419
436
452
477
515
537
539
512
594
559
710
737
703
762
730
774
705
601
577
552
658
584
525
564
548
560
543
552
552
525
429
464
435
437
409
403
350
342
396
406
454
504
473
439
452
416
302
357
361
333
317
339
368
391
359
383
344
336
377
398
345
367
395
358
349
298
287
316
319
317
301
265
314
562
345
287
307
316
325
334
354
319
366
361
410
398
373
423
433
505
411
356
320
288
271
305
275
295
316
342
308
269
305
252
257
269
277
299
263
294
318
336
317
353
334
348
350
373
391
409
372
386
380
396
474
433
510
491
472
537
535
529
549
552
550
536
542
641
525
508
397
359
366
349
328
254
271
239
254
241
272
220
205
243
275
325
322
340
336
313
287
292
375
312
321
349
316
298
266
283
267
272
309
289
338
291
289
249
224
219
247
292
278
326
304
296
227
191
178
165
137
176
228
203
170
185
207
189
174
250
220
195
226
205
191
223
234
195
185
198
231
204
169
199
159
149
174
170
217
177
211
191
204
170
158
190
144
167
164
173
201
175
258
217
206
211
315
253
262
222
249
225
220
230
198
217
212
206
203
256
261
229
220
193
268
232
182
195
180
195
216
236
239
265
300
403
267
335
239
243
243
224
233
198
186
200
227
217
229
265
254
311
314
347
289
225
228
210
218
194
207
187
163
176
191
237
255
341
393
343
392
406
450
478
505
530
539
608
627
697
703
835
825
840
824
778
786
765
748
762
787
778
839
819
849
832
910
850
850
827
838
815
808
752
762
709
717
603
648
593
545
490
486
555
482
515
530
579
525
542
555
646
668
718
592
662
631
714
689
613
712
630
565
585
593
552
610
577
527
445
561
509
397
366
347
372
393
397
357
395
391
452
372
327
386
321
314
371
387
401
348
385
470
512
501
502
466
491
464
539
534
619
597
632
671
552
583
616
661
630
585
621
661
589
567
540
497
482
494
455
415
340
347
406
392
414
468
371
393
379
401
369
406
439
358
414
403
448
451
389
423
387
470
443
419
369
392
375
356
422
402
439
518
409
340
323
360
344
294
275
244
257
272
338
379
364
374
479
426
368
411
391
391
352
340
329
321
326
350
337
322
334
345
378
357
334
321
349
313
421
392
300
319
273
241
279
314
422
429
413
408
470
600
533
461
358
330
393
440
401
427
366
371
360
329
417
443
574
517
549
477
551
648
544
476
548
437
410
339
358
289
315
275
240
244
296
238
270
298
331
301
276
440
361
465
502
497
417
407
397
384
396
337
385
341
453
490
359
254
270
246
318
314
400
378
393
463
546
544
618
636
673
526
350
406
427
505
576
543
434
456
364
372
284
316
265
289
255
236
296
270
268
368
372
330
349
433
368
380
373
249
244
316
342
288
354
311
312
415
398
400
338
318
298
302
299
295
310
314
317
330
379
358
349
364
455
444
403
384
355
365
340
298
278
305
266
258
254
226
252
224
228
292
278
278
227
233
237
265
304
321
255
225
223
216
268
287
320
286
341
314
313
336
308
387
392
420
404
425
388
409
436
492
503
527
533
563
478
522
483
418
442
467
434
513
527
552
526
511
484
360
349
286
329
295
266
433
331
329
386
424
371
505
426
471
496
491
498
482
489
582
535
598
585
565
424
451
383
397
396
419
342
329
298
267
292
276
318
287
352
407
309
376
377
380
403
320
446
391
422
378
320
362
342
328
306
384
347
379
377
413
368
359
338
324
401
456
444
359
403
404
329
345
357
328
339
297
312
263
282
266
266
379
297
377
436
437
328
320
290
226
275
260
332
294
355
340
304
355
332
373
410
467
432
376
334
352
335
346
351
396
453
458
455
517
469
541
576
639
644
602
560
697
489
534
523
482
530
512
607
532
436
356
327
276
277
299
291
349
369
360
384
409
459
419
437
400
449
420
441
408
428
481
476
528
518
564
565
648
654
746
715
622
593
551
500
542
544
377
341
331
291
268
213
256
281
279
233
260
303
303
269
277
258
271
340
302
375
424
408
399
374
390
347
372
462
425
476
519
536
463
508
493
540
503
507
401
438
392
375
337
384
333
308
317
330
376
424
395
407
448
398
390
355
436
397
395
312
270
320
262
251
256
309
263
225
245
236
236
186
179
195
215
196
206
266
267
192
240
286
319
339
295
263
238
227
230
212
184
228
282
307
359
332
283
299
265
311
338
362
233
357
365
352
402
550
435
474
487
528
662
681
679
782
691
633
656
682
632
614
616
640
618
576
683
641
807
755
737
734
756
725
751
786
725
687
664
651
620
678
563
579
549
469
442
490
455
330
317
412
312
343
338
329
370
371
388
365
343
318
418
536
496
471
484
373
437
479
602
591
560
551
726
683
572
520
434
483
453
405
456
529
505
455
513
535
413
556
663
554
478
512
532
516
523
524
535
495
477
466
432
512
481
517
508
558
496
470
439
419
451
432
365
401
475
410
417
374
331
373
312
315
351
389
364
384
333
341
342
327
305
247
282
311
383
377
384
315
348
386
356
375
341
335
383
388
421
360
349
367
400
366
410
326
317
401
410
398
307
269
407
431
332
330
337
412
362
301
269
224
257
285
323
239
234
242
246
228
224
284
241
294
380
342
439
420
422
423
452
542
560
691
639
730
743
795
873
849
979
988
903
778
795
752
808
771
670
835
852
750
769
656
698
591
647
692
646
596
508
505
524
628
508
466
456
542
483
520
656
677
694
683
799
750
874
965
866
892
932
829
655
615
584
702
715
662
540
555
566
539
458
541
454
607
545
594
532
509
557
557
607
545
593
622
552
553
503
471
386
402
411
389
384
407
408
510
402
475
490
569
585
504
371
443
333
340
334
346
382
410
393
417
411
452
505
412
371
357
424
438
443
433
428
347
301
291
389
336
483
541
609
692
788
494
444
536
386
391
343
333
375
399
403
370
342
359
312
318
300
327
315
286
311
328
293
406
349
327
377
445
436
456
428
437
426
448
505
408
323
430
341
337
326
424
317
308
342
365
467
529
416
369
324
450
390
362
375
372
336
365
375
374
414
352
369
357
431
347
335
363
319
331
316
322
358
401
377
384
446
345
408
305
306
331
345
350
361
524
399
440
386
372
348
351
418
411
366
390
356
317
318
298
287
285
283
294
323
324
299
307
714
319
348
345
310
310
257
266
356
379
333
309
293
275
274
295
298
265
437
372
274
291
308
271
348
337
325
302
319
366
353
548
331
373
307
338
308
348
326
336
382
416
362
446
411
456
462
520
543
605
503
475
438
406
398
480
510
488
485
396
379
433
432
438
386
320
348
422
443
538
377
330
272
311
309
332
310
326
353
345
343
315
367
334
351
376
375
355
370
405
401
365
336
277
310
289
321
388
319
335
274
275
236
285
237
247
292
253
191
262
282
338
323
246
271
273
227
240
254
308
393
423
316
383
341
405
385
450
450
400
387
364
387
285
247
263
267
258
274
335
322
306
296
270
323
417
464
363
282
246
273
219
353
272
322
347
296
345
339
328
271
333
344
308
380
426
400
341
359
348
359
348
356
361
362
418
451
481
569
600
479
437
426
361
300
314
354
354
393
404
419
466
471
349
392
306
301
351
272
280
198
198
234
200
214
233
242
214
198
195
204
195
184
167
197
179
184
225
243
181
191
182
213
199
200
213
224
158
168
178
195
247
264
327
356
362
404
427
404
473
468
526
575
520
506
498
508
528
576
540
590
490
542
539
512
515
439
443
453
435
396
403
478
455
452
441
455
447
405
379
432
421
448
361
374
453
469
476
451
494
451
463
479
485
499
522
534
560
569
650
553
569
575
600
578
542
580
477
503
451
426
414
343
354
358
402
489
492
483
526
580
628
545
389
320
443
380
390
445
390
419
399
407
382
390
373
429
394
402
437
481
516
503
444
468
488
490
468
444
350
323
355
336
354
346
428
457
461
414
427
413
451
407
402
327
382
446
415
364
453
409
357
335
325
335
387
374
438
348
370
352
340
408
444
440
357
445
392
435
413
420
412
435
368
362
359
281
316
304
306
338
312
323
370
286
344
316
336
356
335
330
355
303
308
310
270
394
428
388
487
441
476
477
506
474
442
416
447
499
535
395
397
419
456
392
407
461
591
511
411
395
420
485
412
422
436
478
450
339
378
411
371
387
427
546
538
482
493
503
480
483
482
468
454
536
558
483
506
494
506
475
442
509
432
476
472
458
498
520
463
499
454
506
437
456
494
415
451
415
392
449
356
349
426
428
307
271
287
1430
288
337
321
382
430
420
422
413
347
283
307
372
466
437
459
505
501
530
467
566
616
607
494
418
323
317
269
296
382
283
317
338
332
252
212
244
242
277
252
372
330
514
614
565
519
541
445
319
253
276
247
291
236
188
173
185
183
199
201
273
279
279
293
307
348
404
348
330
234
210
209
255
207
236
410
387
355
276
203
165
173
210
224
166
191
307
389
322
233
284
219
201
248
225
198
221
207
247
289
369
337
323
340
363
307
335
372
479
293
224
226
276
223
233
234
210
168
196
226
221
283
246
231
192
164
191
217
263
229
237
231
237
217
237
219
294
273
292
360
354
325
375
411
396
385
393
422
348
317
343
287
273
270
277
268
276
297
329
364
380
397
408
481
494
488
530
544
578
562
592
637
617
610
597
554
595
574
530
589
627
590
559
538
555
593
523
544
660
586
423
560
570
530
603
452
555
586
478
533
491
481
512
470
367
382
417
442
463
454
483
414
402
443
401
449
448
555
627
554
633
627
630
655
845
850
890
955
1065
966
1126
1214
1298
1338
1410
1458
1354
1479
1407
1425
1274
1318
1363
1291
1179
1195
1116
1289
1301
1221
1246
1166
1103
970
936
1089
967
1031
985
889
891
844
776
889
832
878
797
836
787
773
870
823
987
1039
1042
998
976
1064
1105
1221
1231
1222
1255
1621
1833
1678
1530
1545
1289
1276
1143
1007
956
550
664
526
598
580
466
589
596
606
707
669
690
670
630
627
653
664
692
774
646
1198
1036
878
905
973
852
855
920
1023
994
898
852
778
701
682
634
735
622
639
583
599
650
690
866
887
855
846
897
941
901
827
684
588
581
502
538
445
449
472
591
585
593
495
520
546
493
503
432
432
399
430
443
506
573
637
627
748
715
715
701
756
737
803
792
789
771
873
950
1136
1098
1124
1153
1386
1361
1514
1503
1613
1662
1997
2108
2185
2186
2045
2005
1991
1905
1730
1776
1731
1647
1721
1762
1601
1607
1395
1487
1323
1206
1180
1018
1002
883
951
960
1079
1022
1005
990
886
797
660
586
549
569
597
597
547
593
561
566
616
610
548
591
630
630
555
608
686
621
612
575
601
560
549
482
478
466
497
405
358
342
359
369
432
339
280
380
392
468
476
524
461
472
486
469
478
488
458
491
464
492
465
471
519
579
575
580
619
580
544
512
532
463
568
529
506
568
612
599
561
575
588
562
750
690
808
847
883
917
829
725
604
733
698
650
507
519
609
544
584
560
573
584
573
593
608
676
675
626
589
603
521
573
546
615
611
637
640
663
749
741
698
643
618
569
602
577
566
624
591
562
571
598
577
615
597
498
506
525
515
498
481
508
501
417
472
479
388
482
481
497
481
541
451
447
455
539
534
511
462
558
606
576
575
569
455
476
419
434
468
447
533
509
565
552
460
569
550
640
701
692
613
752
726
798
838
832
807
768
682
752
703
669
587
647
711
742
689
665
618
623
671
728
776
718
737
727
633
675
631
795
725
809
780
826
792
800
855
841
887
954
942
949
950
958
865
980
991
925
1067
1040
912
883
677
690
804
842
1004
1058
1001
997
1018
981
926
830
916
849
1023
898
939
740
896
831
774
750
614
523
539
548
544
491
554
486
510
540
561
532
467
458
436
507
572
542
620
613
674
743
667
605
582
614
551
492
479
488
491
466
489
592
592
550
641
537
633
651
751
699
671
623
676
658
570
450
507
474
467
482
513
454
476
433
432
419
428
474
399
406
479
570
511
390
383
314
329
390
446
345
346
323
290
312
304
300
336
318
350
321
366
328
327
353
336
340
369
346
420
361
417
371
335
411
489
416
438
405
355
439
406
369
373
362
314
314
322
354
382
454
408
468
466
541
471
504
518
533
543
595
543
586
516
618
618
701
711
719
755
767
783
828
802
790
718
737
719
718
661
731
742
700
696
742
647
649
659
666
701
627
635
608
661
616
566
462
424
375
333
314
292
261
272
258
245
272
218
278
248
327
287
268
319
349
410
311
375
342
305
260
255
296
309
301
321
312
328
279
360
341
335
339
323
298
325
282
245
252
252
298
347
308
344
322
355
355
461
442
410
365
321
384
394
413
317
329
370
318
315
294
300
348
384
471
419
345
361
329
295
345
555
434
428
471
423
407
349
314
283
263
330
282
286
288
323
288
364
310
383
456
373
451
410
378
401
467
528
485
624
461
513
471
551
648
481
457
479
472
489
393
395
531
532
433
478
364
398
324
388
375
352
384
390
391
417
340
393
353
410
359
347
358
366
427
433
468
404
433
385
364
372
433
454
460
547
481
441
440
419
466
549
495
554
622
643
640
578
592
475
465
378
405
469
502
539
512
509
478
615
640
692
737
688
648
524
578
478
567
579
572
535
454
377
450
347
305
329
340
320
388
433
378
354
443
377
345
365
411
312
482
427
433
396
353
320
435
311
399
387
279
342
307
356
400
416
377
382
328
322
312
362
402
405
477
486
482
473
512
416
436
440
468
505
414
430
442
480
466
445
444
453
393
430
520
473
469
568
655
562
513
451
512
539
470
576
439
454
473
433
398
391
364
317
322
347
396
497
561
546
578
598
693
699
606
496
536
494
480
521
549
499
605
696
640
586
537
658
506
485
509
464
528
569
687
776
581
537
531
569
609
636
571
488
549
469
477
503
498
563
517
505
554
549
542
526
478
472
439
438
371
416
392
393
421
409
450
385
405
552
397
351
334
359
361
371
381
492
451
389
343
403
382
420
376
416
416
305
326
394
446
377
405
389
401
424
448
371
434
419
477
464
495
555
441
433
469
516
562
482
522
434
387
422
364
517
448
505
439
476
457
403
473
451
435
425
395
348
387
308
300
261
261
259
241
269
287
320
362
387
418
461
471
478
497
473
522
442
494
544
516
412
455
379
326
343
355
387
341
434
468
572
569
565
640
672
679
654
555
590
586
541
544
404
399
430
442
505
396
490
444
482
523
507
506
575
468
610
536
529
547
561
542
521
540
631
643
617
613
690
671
701
659
631
667
701
634
672
711
688
616
663
686
706
605
659
639
605
472
524
452
475
463
489
490
432
363
410
505
483
493
531
516
444
500
519
577
546
477
506
487
446
481
460
395
441
468
418
458
426
453
435
467
575
592
619
659
586
614
544
626
477
501
510
532
556
542
582
579
564
597
615
620
706
678
529
562
559
647
578
573
615
564
628
689
618
655
718
586
626
608
557
595
570
548
617
595
630
662
717
783
838
717
660
648
585
568
475
436
536
483
517
412
458
424
420
458
446
