234.543
232.543
232.543
235.543
232.543
238.543
239.543
234.543
233.543
234.543
234.543
233.543
232.543
234.543
233.543
233.543
240.543
234.543
234.543
233.543
232.543
236.543
233.543
234.543
233.543
234.543
239.543
234.543
233.543
233.543
234.543
235.543
234.543
236.543
233.543
233.543
239.543
235.543
234.543
233.543
234.543
236.543
234.543
234.543
235.543
237.543
238.543
234.543
233.543
235.543
234.543
235.543
235.543
234.543
235.543
235.543
244.543
235.543
235.543
235.543
236.543
237.543
235.543
236.543
237.543
238.543
238.543
236.543
236.543
236.543
237.543
240.543
235.543
236.543
236.543
237.543
242.543
235.543
237.543
240.543
240.543
236.543
237.543
237.543
236.543
240.543
237.543
237.543
236.543
237.543
238.543
236.543
237.543
238.543
237.543
240.543
237.543
238.543
236.543
236.543
240.543
239.543
237.543
236.543
241.543
240.543
237.543
240.543
237.543
239.543
236.543
238.543
238.543
237.543
239.543
239.543
237.543
238.543
240.543
237.543
240.543
237.543
241.543
237.543
239.543
239.543
239.543
244.543
240.543
240.543
237.543
239.543
240.543
239.543
239.543
239.543
246.543
239.543
239.543
239.543
246.543
246.543
239.543
241.543
239.543
242.543
241.543
240.543
239.543
242.543
241.543
240.543
247.543
244.543
242.543
240.543
240.543
244.543
242.543
247.543
241.543
246.543
240.543
245.543
242.543
241.543
241.543
242.543
240.543
241.543
242.543
240.543
254.543
241.543
245.543
241.543
243.543
242.543
243.543
242.543
247.543
241.543
241.543
242.543
241.543
241.543
247.543
242.543
243.543
240.543
242.543
243.543
241.543
242.543
244.543
249.543
242.543
243.543
240.543
242.543
243.543
242.543
242.543
242.543
247.543
240.543
241.543
243.543
242.543
241.543
241.543
243.543
243.543
247.543
244.543
243.543
242.543
245.543
242.543
244.543
242.543
244.543
247.543
246.543
243.543
243.543
244.543
244.543
245.543
243.543
248.543
243.543
246.543
244.543
246.543
243.543
244.543
246.543
246.543
248.543
248.543
245.543
246.543
246.543
245.543
247.543
248.543
249.543
246.543
246.543
247.543
247.543
246.543
247.543
247.543
255.543
255.543
247.543
248.543
252.543
248.543
249.543
250.543
250.543
249.543
248.543
249.543
248.543
248.543
247.543
252.543
258.543
249.543
248.543
250.543
248.543
249.543
247.543
246.543
252.543
250.543
247.543
246.543
251.543
248.543
249.543
249.543
254.543
249.543
251.543
250.543
258.543
251.543
249.543
250.543
249.543
249.543
250.543
249.543
252.543
250.543
249.543
250.543
250.543
247.543
249.543
250.543
262.543
247.543
248.543
247.543
248.543
248.543
248.543
248.543
253.543
256.543
250.543
248.543
249.543
247.543
248.543
249.543
251.543
248.543
251.543
249.543
249.543
249.543
248.543
248.543
251.543
249.543
250.543
250.543
252.543
249.543
250.543
248.543
251.543
251.543
256.543
251.543
253.543
251.543
253.543
253.543
250.543
252.543
261.543
251.543
254.543
251.543
251.543
254.543
253.543
252.543
262.543
254.543
254.543
257.543
262.543
254.543
252.543
257.543
254.543
252.543
254.543
255.543
252.543
252.543
258.543
252.543
254.543
256.543
254.543
257.543
253.543
253.543
258.543
253.543
254.543
254.543
257.543
254.543
260.543
253.543
255.543
262.543
255.543
255.543
254.543
254.543
255.543
255.543
259.543
260.543
257.543
257.543
255.543
256.543
256.543
268.543
258.543
258.543
259.543
257.543
258.543
259.543
258.543
259.543
258.543
259.543
259.543
265.543
259.543
260.543
261.543
255.543
255.543
256.543
257.543
256.543
254.543
254.543
256.543
251.543
251.543
255.543
255.543
256.543
259.543
255.543
252.543
264.543
253.543
267.543
252.543
253.543
254.543
251.543
253.543
260.543
254.543
255.543
255.543
255.543
255.543
255.543
258.543
257.543
257.543
257.543
260.543
257.543
259.543
267.543
258.543
258.543
260.543
260.543
261.543
258.543
272.543
262.543
260.543
268.543
260.543
261.543
263.543
257.543
259.543
257.543
257.543
260.543
257.543
265.543
253.543
253.543
253.543
255.543
257.543
259.543
263.543
262.543
259.543
259.543
263.543
258.543
257.543
258.543
255.543
263.543
258.543
255.543
259.543
255.543
257.543
260.543
266.543
263.543
259.543
260.543
262.543
262.543
263.543
267.543
262.543
261.543
262.543
261.543
261.543
266.543
261.543
261.543
263.543
261.543
261.543
262.543
265.543
260.543
259.543
262.543
276.543
270.543
265.543
263.543
265.543
271.543
264.543
264.543
265.543
266.543
267.543
265.543
268.543
266.543
265.543
272.543
266.543
268.543
270.543
269.543
268.543
272.543
271.543
268.543
272.543
269.543
269.543
275.543
271.543
270.543
273.543
273.543
273.543
281.543
273.543
276.543
276.543
274.543
272.543
277.543
274.543
273.543
274.543
272.543
279.543
273.543
273.543
273.543
270.543
271.543
278.543
272.543
270.543
270.543
265.543
267.543
275.543
264.543
267.543
280.543
266.543
265.543
265.543
265.543
260.543
260.543
259.543
257.543
259.543
260.543
265.543
263.543
259.543
267.543
267.543
263.543
271.543
261.543
264.543
264.543
266.543
266.543
266.543
268.543
265.543
262.543
263.543
263.543
265.543
263.543
264.543
269.543
263.543
264.543
268.543
265.543
267.543
277.543
265.543
270.543
268.543
265.543
268.543
275.543
268.543
266.543
267.543
276.543
267.543
266.543
275.543
266.543
263.543
267.543
271.543
266.543
274.543
268.543
268.543
266.543
270.543
268.543
273.543
272.543
266.543
269.543
269.543
277.543
276.543
269.543
273.543
273.543
274.543
271.543
274.543
272.543
270.543
273.543
269.543
271.543
267.543
265.543
266.543
278.543
262.543
264.543
265.543
262.543
263.543
261.543
265.543
268.543
266.543
264.543
269.543
266.543
270.543
272.543
269.543
265.543
268.543
267.543
267.543
271.543
271.543
266.543
267.543
268.543
278.543
274.543
275.543
268.543
276.543
272.543
274.543
273.543
269.543
266.543
267.543
269.543
267.543
275.543
265.543
265.543
269.543
262.543
268.543
271.543
265.543
264.543
266.543
267.543
263.543
275.543
269.543
265.543
267.543
266.543
267.543
270.543
264.543
267.543
265.543
269.543
265.543
279.543
268.543
266.543
268.543
264.543
266.543
268.543
273.543
270.543
265.543
272.543
269.543
271.543
278.543
270.543
268.543
275.543
270.543
268.543
279.543
270.543
267.543
269.543
268.543
264.543
273.543
270.543
271.543
272.543
268.543
279.543
273.543
274.543
269.543
269.543
267.543
278.543
274.543
266.543
268.543
268.543
267.543
270.543
268.543
270.543
269.543
272.543
268.543
276.543
274.543
271.543
272.543
268.543
273.543
274.543
269.543
272.543
270.543
270.543
272.543
273.543
274.543
279.543
272.543
274.543
273.543
276.543
278.543
273.543
273.543
273.543
276.543
276.543
279.543
272.543
273.543
274.543
281.543
279.543
286.543
280.543
284.543
278.543
290.543
291.543
296.543
289.543
293.543
286.543
286.543
278.543
284.543
277.543
281.543
289.543
286.543
282.543
290.543
284.543
288.543
284.543
287.543
290.543
286.543
285.543
290.543
283.543
287.543
287.543
281.543
283.543
284.543
282.543
281.543
283.543
287.543
282.543
289.543
283.543
291.543
287.543
290.543
285.543
287.543
288.543
293.543
288.543
288.543
284.543
286.543
293.543
295.543
292.543
298.543
284.543
291.543
286.543
295.543
288.543
284.543
291.543
287.543
289.543
281.543
283.543
289.543
289.543
283.543
287.543
283.543
284.543
284.543
279.543
277.543
276.543
282.543
283.543
274.543
280.543
277.543
275.543
275.543
268.543
267.543
275.543
273.543
269.543
276.543
273.543
275.543
272.543
280.543
273.543
274.543
283.543
275.543
277.543
277.543
279.543
278.543
286.543
280.543
283.543
281.543
295.543
282.543
289.543
280.543
280.543
279.543
287.543
277.543
281.543
277.543
279.543
283.543
280.543
278.543
280.543
275.543
275.543
280.543
273.543
275.543
280.543
276.543
282.543
276.543
278.543
280.543
279.543
276.543
279.543
275.543
274.543
274.543
278.543
281.543
275.543
282.543
278.543
277.543
288.543
280.543
282.543
280.543
285.543
279.543
285.543
282.543
283.543
278.543
285.543
277.543
279.543
280.543
284.543
280.543
278.543
281.543
284.543
282.543
277.543
280.543
283.543
281.543
284.543
277.543
278.543
277.543
276.543
282.543
278.543
274.543
281.543
275.543
277.543
275.543
274.543
274.543
283.543
282.543
278.543
284.543
281.543
291.543
292.543
288.543
280.543
279.543
276.543
279.543
281.543
284.543
280.543
283.543
296.543
299.543
293.543
293.543
290.543
291.543
290.543
290.543
293.543
289.543
290.543
280.543
277.543
281.543
283.543
287.543
282.543
279.543
283.543
280.543
279.543
282.543
277.543
273.543
277.543
282.543
288.543
286.543
282.543
283.543
284.543
295.543
288.543
285.543
285.543
287.543
289.543
292.543
292.543
295.543
295.543
297.543
293.543
290.543
291.543
291.543
292.543
288.543
295.543
286.543
284.543
287.543
289.543
277.543
281.543
280.543
286.543
283.543
293.543
293.543
283.543
284.543
281.543
285.543
279.543
281.543
280.543
294.543
288.543
287.543
287.543
285.543
292.543
290.543
287.543
294.543
304.543
294.543
290.543
291.543
292.543
283.543
288.543
278.543
282.543
286.543
289.543
292.543
283.543
289.543
295.543
286.543
287.543
283.543
287.543
287.543
284.543
282.543
287.543
279.543
281.543
283.543
293.543
285.543
286.543
292.543
289.543
293.543
291.543
288.543
290.543
289.543
295.543
292.543
291.543
294.543
290.543
294.543
285.543
289.543
290.543
296.543
297.543
289.543
287.543
283.543
287.543
291.543
296.543
287.543
293.543
285.543
293.543
291.543
289.543
298.543
292.543
286.543
290.543
298.543
286.543
288.543
287.543
297.543
289.543
287.543
289.543
286.543
287.543
291.543
286.543
289.543
285.543
291.543
287.543
283.543
285.543
289.543
284.543
288.543
287.543
281.543
285.543
289.543
292.543
287.543
285.543
287.543
287.543
294.543
283.543
280.543
287.543
282.543
284.543
292.543
284.543
288.543
292.543
285.543
296.543
282.543
288.543
284.543
286.543
283.543
290.543
289.543
286.543
284.543
285.543
287.543
299.543
288.543
287.543
286.543
292.543
287.543
294.543
294.543
287.543
294.543
286.543
289.543
286.543
290.543
293.543
288.543
292.543
293.543
295.543
299.543
293.543
291.543
289.543
299.543
290.543
291.543
297.543
294.543
306.543
301.543
302.543
303.543
309.543
307.543
308.543
306.543
315.543
303.543
305.543
307.543
301.543
307.543
311.543
306.543
307.543
318.543
304.543
303.543
310.543
304.543
309.543
300.543
306.543
305.543
312.543
304.543
308.543
308.543
301.543
312.543
302.543
304.543
302.543
307.543
313.543
314.543
310.543
308.543
312.543
309.543
304.543
310.543
312.543
311.543
307.543
314.543
306.543
306.543
315.543
304.543
302.543
303.543
302.543
302.543
295.543
309.543
302.543
300.543
296.543
300.543
305.543
297.543
296.543
296.543
299.543
299.543
295.543
298.543
300.543
307.543
305.543
306.543
301.543
305.543
304.543
300.543
305.543
303.543
309.543
304.543
310.543
306.543
313.543
308.543
310.543
310.543
304.543
302.543
304.543
303.543
299.543
300.543
300.543
300.543
296.543
301.543
300.543
306.543
308.543
312.543
302.543
295.543
300.543
302.543
317.543
304.543
306.543
304.543
318.543
312.543
313.543
312.543
324.543
318.543
315.543
318.543
323.543
310.543
311.543
312.543
316.543
316.543
311.543
313.543
313.543
308.543
306.543
305.543
303.543
304.543
308.543
304.543
306.543
303.543
305.543
313.543
302.543
303.543
301.543
307.543
300.543
305.543
301.543
318.543
312.543
313.543
313.543
324.543
309.543
317.543
310.543
313.543
314.543
312.543
318.543
313.543
310.543
310.543
310.543
314.543
314.543
311.543
315.543
309.543
316.543
315.543
318.543
308.543
314.543
317.543
312.543
300.543
308.543
303.543
310.543
312.543
311.543
301.543
304.543
306.543
300.543
304.543
303.543
309.543
301.543
299.543
294.543
305.543
300.543
297.543
303.543
311.543
299.543
296.543
301.543
299.543
307.543
300.543
303.543
302.543
312.543
305.543
298.543
295.543
291.543
305.543
294.543
288.543
292.543
292.543
297.543
296.543
296.543
296.543
307.543
297.543
298.543
301.543
300.543
306.543
295.543
298.543
300.543
297.543
295.543
295.543
299.543
294.543
299.543
304.543
296.543
303.543
298.543
301.543
302.543
307.543
305.543
305.543
300.543
297.543
298.543
299.543
295.543
299.543
293.543
298.543
296.543
299.543
299.543
305.543
295.543
292.543
302.543
299.543
299.543
301.543
304.543
300.543
304.543
305.543
314.543
306.543
306.543
307.543
312.543
304.543
308.543
309.543
313.543
300.543
302.543
303.543
306.543
316.543
311.543
309.543
312.543
308.543
307.543
302.543
307.543
313.543
302.543
311.543
308.543
312.543
303.543
305.543
312.543
313.543
309.543
304.543
318.543
312.543
319.543
311.543
323.543
314.543
314.543
315.543
306.543
304.543
315.543
314.543
312.543
317.543
306.543
320.543
309.543
311.543
308.543
316.543
316.543
312.543
317.543
316.543
317.543
311.543
307.543
325.543
314.543
314.543
321.543
314.543
315.543
316.543
311.543
312.543
311.543
312.543
317.543
320.543
312.543
314.543
309.543
309.543
305.543
307.543
315.543
305.543
310.543
311.543
319.543
308.543
309.543
332.543
316.543
340.543
327.543
329.543
323.543
338.543
317.543
322.543
312.543
317.543
315.543
326.543
318.543
321.543
323.543
328.543
321.543
320.543
324.543
329.543
327.543
326.543
334.543
327.543
326.543
325.543
321.543
320.543
319.543
316.543
316.543
316.543
318.543
318.543
322.543
322.543
322.543
322.543
330.543
326.543
339.543
337.543
336.543
333.543
333.543
326.543
328.543
325.543
322.543
330.543
328.543
323.543
325.543
328.543
327.543
319.543
326.543
319.543
331.543
330.543
329.543
317.543
316.543
326.543
323.543
320.543
325.543
318.543
318.543
314.543
313.543
315.543
323.543
316.543
328.543
316.543
326.543
330.543
330.543
332.543
332.543
324.543
323.543
321.543
332.543
330.543
325.543
328.543
329.543
332.543
331.543
335.543
329.543
333.543
324.543
337.543
328.543
333.543
330.543
338.543
331.543
330.543
336.543
334.543
328.543
345.543
335.543
331.543
331.543
328.543
324.543
329.543
338.543
328.543
327.543
349.543
329.543
318.543
318.543
314.543
315.543
321.543
311.543
316.543
314.543
317.543
316.543
316.543
322.543
318.543
319.543
325.543
322.543
319.543
324.543
328.543
320.543
322.543
319.543
312.543
325.543
325.543
330.543
326.543
325.543
323.543
329.543
323.543
324.543
329.543
327.543
321.543
326.543
339.543
326.543
328.543
328.543
326.543
326.543
333.543
326.543
332.543
322.543
326.543
321.543
329.543
328.543
318.543
317.543
321.543
322.543
342.543
366.543
356.543
356.543
335.543
322.543
331.543
316.543
320.543
326.543
324.543
317.543
337.543
353.543
335.543
337.543
373.543
359.543
353.543
337.543
356.543
372.543
386.543
365.543
331.543
352.543
357.543
356.543
342.543
322.543
322.543
326.543
322.543
328.543
321.543
323.543
332.543
339.543
332.543
370.543
376.543
377.543
368.543
363.543
374.543
360.543
359.543
333.543
338.543
333.543
356.543
371.543
357.543
370.543
370.543
364.543
332.543
327.543
329.543
332.543
329.543
326.543
343.543
337.543
345.543
341.543
344.543
342.543
343.543
354.543
349.543
346.543
341.543
342.543
334.543
335.543
330.543
351.543
330.543
326.543
338.543
320.543
325.543
318.543
322.543
313.543
322.543
327.543
331.543
328.543
325.543
330.543
328.543
329.543
329.543
329.543
345.543
339.543
345.543
335.543
335.543
332.543
348.543
334.543
333.543
338.543
335.543
325.543
335.543
334.543
327.543
342.543
342.543
332.543
333.543
342.543
336.543
335.543
348.543
333.543
333.543
330.543
342.543
340.543
327.543
340.543
332.543
331.543
343.543
343.543
340.543
326.543
337.543
337.543
340.543
344.543
348.543
345.543
331.543
332.543
329.543
326.543
325.543
329.543
324.543
325.543
330.543
318.543
325.543
333.543
335.543
331.543
329.543
318.543
322.543
323.543
320.543
324.543
327.543
326.543
331.543
313.543
328.543
328.543
319.543
315.543
319.543
319.543
321.543
321.543
325.543
331.543
319.543
325.543
324.543
345.543
327.543
331.543
341.543
341.543
336.543
332.543
331.543
334.543
343.543
335.543
330.543
340.543
343.543
329.543
333.543
332.543
332.543
332.543
333.543
352.543
367.543
359.543
338.543
341.543
345.543
342.543
336.543
337.543
335.543
347.543
350.543
348.543
350.543
348.543
348.543
336.543
347.543
358.543
356.543
365.543
349.543
344.543
354.543
336.543
335.543
349.543
338.543
335.543
331.543
334.543
325.543
332.543
341.543
327.543
328.543
334.543
328.543
334.543
331.543
336.543
332.543
339.543
324.543
336.543
333.543
335.543
324.543
328.543
332.543
338.543
333.543
324.543
326.543
324.543
325.543
331.543
335.543
328.543
330.543
343.543
337.543
334.543
333.543
333.543
339.543
339.543
342.543
345.543
340.543
347.543
336.543
335.543
345.543
351.543
343.543
332.543
349.543
348.543
351.543
349.543
347.543
345.543
344.543
348.543
351.543
370.543
339.543
340.543
350.543
358.543
350.543
338.543
336.543
334.543
330.543
335.543
353.543
332.543
344.543
350.543
339.543
352.543
334.543
343.543
344.543
342.543
336.543
343.543
336.543
337.543
331.543
325.543
323.543
337.543
324.543
333.543
334.543
331.543
339.543
339.543
335.543
339.543
335.543
337.543
334.543
344.543
344.543
332.543
351.543
340.543
345.543
348.543
328.543
344.543
343.543
351.543
350.543
343.543
343.543
348.543
367.543
355.543
343.543
360.543
344.543
340.543
357.543
349.543
367.543
348.543
345.543
358.543
343.543
353.543
377.543
362.543
358.543
372.543
345.543
357.543
356.543
347.543
354.543
367.543
364.543
348.543
350.543
354.543
342.543
359.543
350.543
363.543
354.543
358.543
366.543
352.543
360.543
355.543
361.543
359.543
361.543
364.543
357.543
364.543
348.543
363.543
364.543
372.543
366.543
357.543
357.543
357.543
358.543
354.543
353.543
359.543
358.543
347.543
369.543
359.543
367.543
367.543
355.543
359.543
357.543
360.543
360.543
361.543
355.543
364.543
369.543
350.543
357.543
374.543
364.543
351.543
361.543
359.543
352.543
357.543
355.543
356.543
354.543
358.543
358.543
353.543
354.543
370.543
366.543
364.543
355.543
354.543
359.543
351.543
361.543
358.543
361.543
351.543
366.543
361.543
349.543
368.543
368.543
369.543
375.543
365.543
386.543
369.543
364.543
365.543
366.543
366.543
367.543
366.543
371.543
372.543
372.543
376.543
366.543
364.543
391.543
370.543
377.543
368.543
360.543
358.543
353.543
370.543
370.543
355.543
360.543
369.543
365.543
360.543
360.543
377.543
381.543
380.543
375.543
388.543
368.543
378.543
371.543
383.543
386.543
383.543
382.543
390.543
395.543
381.543
393.543
379.543
385.543
389.543
376.543
368.543
383.543
366.543
364.543
381.543
366.543
372.543
370.543
368.543
373.543
367.543
361.543
367.543
361.543
362.543
362.543
357.543
368.543
369.543
360.543
348.543
360.543
355.543
361.543
388.543
366.543
365.543
353.543
355.543
348.543
349.543
361.543
356.543
356.543
355.543
361.543
355.543
356.543
349.543
350.543
353.543
354.543
355.543
348.543
352.543
353.543
353.543
367.543
361.543
363.543
384.543
370.543
357.543
353.543
366.543
355.543
360.543
370.543
367.543
356.543
361.543
357.543
358.543
347.543
348.543
342.543
354.543
357.543
357.543
361.543
367.543
361.543
354.543
358.543
365.543
357.543
364.543
356.543
355.543
374.543
362.543
346.543
355.543
357.543
354.543
359.543
360.543
361.543
355.543
349.543
348.543
358.543
354.543
342.543
354.543
355.543
355.543
361.543
368.543
375.543
376.543
366.543
364.543
357.543
372.543
352.543
358.543
365.543
367.543
360.543
352.543
362.543
360.543
362.543
357.543
353.543
353.543
360.543
358.543
363.543
353.543
358.543
357.543
352.543
352.543
354.543
364.543
348.543
356.543
347.543
366.543
359.543
363.543
361.543
362.543
367.543
372.543
362.543
365.543
379.543
373.543
361.543
365.543
364.543
359.543
356.543
353.543
348.543
353.543
356.543
352.543
354.543
366.543
363.543
376.543
373.543
373.543
374.543
376.543
366.543
366.543
382.543
373.543
367.543
370.543
380.543
377.543
374.543
376.543
382.543
401.543
379.543
422.543
394.543
423.543
396.543
391.543
400.543
405.543
392.543
395.543
385.543
399.543
393.543
382.543
379.543
381.543
375.543
372.543
390.543
373.543
382.543
375.543
378.543
391.543
389.543
382.543
378.543
395.543
389.543
385.543
379.543
374.543
381.543
375.543
366.543
362.543
375.543
364.543
365.543
369.543
357.543
366.543
364.543
377.543
387.543
391.543
398.543
398.543
403.543
400.543
408.543
409.543
384.543
392.543
399.543
388.543
395.543
389.543
389.543
387.543
378.543
387.543
387.543
378.543
387.543
379.543
373.543
379.543
370.543
370.543
381.543
390.543
395.543
398.543
371.543
373.543
383.543
377.543
379.543
379.543
386.543
376.543
377.543
373.543
400.543
386.543
368.543
391.543
382.543
372.543
368.543
390.543
403.543
390.543
379.543
396.543
390.543
398.543
395.543
383.543
387.543
385.543
394.543
387.543
383.543
386.543
395.543
403.543
400.543
374.543
390.543
383.543
388.543
374.543
367.543
391.543
385.543
383.543
385.543
371.543
375.543
376.543
394.543
377.543
395.543
398.543
399.543
388.543
390.543
392.543
403.543
392.543
394.543
405.543
381.543
392.543
380.543
405.543
379.543
385.543
377.543
380.543
365.543
384.543
381.543
376.543
390.543
379.543
379.543
385.543
382.543
391.543
382.543
392.543
373.543
395.543
379.543
396.543
398.543
383.543
392.543
389.543
397.543
389.543
377.543
384.543
381.543
386.543
371.543
376.543
370.543
370.543
375.543
379.543
379.543
387.543
388.543
399.543
402.543
394.543
381.543
393.543
388.543
408.543
388.543
385.543
396.543
394.543
402.543
371.543
374.543
381.543
371.543
371.543
376.543
372.543
370.543
392.543
387.543
383.543
359.543
362.543
371.543
364.543
366.543
385.543
382.543
371.543
381.543
369.543
381.543
362.543
371.543
384.543
383.543
377.543
377.543
379.543
387.543
374.543
374.543
372.543
362.543
363.543
365.543
372.543
363.543
375.543
378.543
372.543
376.543
385.543
371.543
371.543
371.543
373.543
382.543
370.543
378.543
385.543
391.543
385.543
393.543
378.543
387.543
379.543
390.543
398.543
392.543
398.543
394.543
388.543
376.543
395.543
392.543
389.543
395.543
382.543
384.543
401.543
380.543
407.543
394.543
389.543
388.543
379.543
387.543
390.543
376.543
373.543
375.543
370.543
368.543
363.543
358.543
375.543
373.543
382.543
392.543
372.543
393.543
379.543
390.543
379.543
379.543
379.543
412.543
408.543
422.543
410.543
410.543
394.543
412.543
398.543
404.543
396.543
413.543
388.543
397.543
388.543
399.543
397.543
385.543
406.543
389.543
383.543
377.543
375.543
386.543
364.543
364.543
378.543
364.543
362.543
375.543
385.543
361.543
360.543
358.543
351.543
362.543
358.543
365.543
371.543
372.543
366.543
382.543
373.543
356.543
367.543
375.543
380.543
379.543
386.543
378.543
377.543
362.543
375.543
365.543
370.543
382.543
386.543
378.543
374.543
376.543
378.543
372.543
385.543
377.543
382.543
387.543
366.543
366.543
356.543
373.543
377.543
371.543
362.543
392.543
380.543
384.543
373.543
367.543
375.543
374.543
381.543
379.543
366.543
367.543
364.543
368.543
365.543
368.543
367.543
369.543
371.543
366.543
356.543
362.543
364.543
358.543
366.543
356.543
361.543
356.543
358.543
367.543
376.543
366.543
374.543
368.543
363.543
360.543
365.543
355.543
374.543
376.543
384.543
398.543
390.543
377.543
380.543
369.543
389.543
383.543
380.543
378.543
381.543
372.543
366.543
371.543
366.543
362.543
381.543
370.543
385.543
373.543
395.543
376.543
378.543
373.543
357.543
372.543
370.543
369.543
354.543
359.543
356.543
367.543
360.543
367.543
368.543
370.543
371.543
371.543
359.543
376.543
370.543
369.543
369.543
377.543
381.543
374.543
365.543
372.543
363.543
359.543
360.543
360.543
361.543
377.543
365.543
355.543
358.543
356.543
357.543
355.543
356.543
362.543
359.543
361.543
360.543
361.543
363.543
364.543
360.543
356.543
377.543
363.543
375.543
382.543
378.543
375.543
381.543
410.543
386.543
388.543
396.543
386.543
382.543
371.543
381.543
372.543
373.543
368.543
384.543
379.543
386.543
379.543
378.543
388.543
377.543
379.543
387.543
379.543
381.543
381.543
379.543
390.543
390.543
382.543
376.543
388.543
384.543
379.543
389.543
379.543
381.543
396.543
395.543
390.543
392.543
395.543
392.543
386.543
394.543
388.543
385.543
379.543
394.543
393.543
389.543
390.543
401.543
389.543
402.543
411.543
420.543
424.543
433.543
421.543
389.543
406.543
406.543
403.543
401.543
410.543
398.543
397.543
394.543
394.543
390.543
403.543
399.543
403.543
394.543
389.543
390.543
384.543
382.543
392.543
389.543
404.543
386.543
405.543
404.543
389.543
394.543
391.543
382.543
391.543
387.543
381.543
375.543
390.543
395.543
390.543
378.543
381.543
392.543
382.543
395.543
389.543
394.543
388.543
398.543
388.543
397.543
395.543
388.543
391.543
376.543
370.543
388.543
372.543
363.543
376.543
376.543
387.543
379.543
377.543
373.543
377.543
379.543
377.543
381.543
381.543
374.543
375.543
367.543
371.543
372.543
369.543
367.543
375.543
377.543
364.543
370.543
359.543
371.543
365.543
365.543
359.543
368.543
375.543
376.543
372.543
370.543
367.543
365.543
364.543
369.543
377.543
372.543
371.543
380.543
378.543
372.543
373.543
367.543
374.543
377.543
373.543
376.543
370.543
392.543
395.543
431.543
410.543
403.543
404.543
409.543
412.543
393.543
409.543
413.543
417.543
404.543
396.543
398.543
414.543
412.543
420.543
425.543
427.543
418.543
423.543
409.543
423.543
422.543
405.543
413.543
419.543
423.543
418.543
411.543
422.543
431.543
424.543
413.543
423.543
419.543
417.543
416.543
418.543
414.543
413.543
423.543
418.543
415.543
429.543
422.543
431.543
418.543
436.543
428.543
436.543
419.543
428.543
405.543
412.543
409.543
412.543
404.543
420.543
417.543
413.543
412.543
413.543
411.543
414.543
411.543
417.543
427.543
419.543
400.543
420.543
411.543
399.543
409.543
398.543
408.543
403.543
405.543
402.543
401.543
402.543
409.543
409.543
393.543
406.543
400.543
398.543
404.543
396.543
411.543
413.543
420.543
413.543
402.543
411.543
410.543
411.543
400.543
419.543
405.543
394.543
396.543
396.543
387.543
389.543
400.543
394.543
396.543
394.543
401.543
399.543
383.543
388.543
395.543
395.543
396.543
382.543
392.543
391.543
381.543
385.543
386.543
388.543
392.543
392.543
401.543
400.543
394.543
400.543
389.543
397.543
406.543
413.543
413.543
411.543
400.543
389.543
407.543
398.543
385.543
398.543
387.543
395.543
393.543
388.543
377.543
385.543
375.543
376.543
366.543
371.543
375.543
372.543
376.543
379.543
382.543
387.543
380.543
382.543
383.543
384.543
387.543
390.543
401.543
393.543
371.543
386.543
392.543
376.543
394.543
382.543
386.543
386.543
391.543
395.543
401.543
392.543
393.543
398.543
388.543
395.543
373.543
391.543
387.543
379.543
393.543
390.543
396.543
406.543
398.543
401.543
404.543
407.543
402.543
422.543
421.543
430.543
420.543
426.543
430.543
423.543
421.543
402.543
395.543
388.543
396.543
397.543
400.543
398.543
403.543
413.543
407.543
377.543
371.543
363.543
369.543
375.543
378.543
372.543
358.543
352.543
352.543
357.543
362.543
366.543
375.543
396.543
391.543
385.543
387.543
388.543
391.543
390.543
394.543
397.543
400.543
391.543
398.543
394.543
390.543
401.543
397.543
398.543
409.543
391.543
396.543
410.543
400.543
400.543
400.543
389.543
401.543
407.543
395.543
406.543
416.543
412.543
391.543
405.543
390.543
395.543
391.543
397.543
386.543
401.543
394.543
415.543
412.543
404.543
413.543
400.543
417.543
415.543
418.543
410.543
404.543
411.543
406.543
389.543
411.543
415.543
411.543
401.543
392.543
401.543
391.543
391.543
390.543
398.543
404.543
400.543
409.543
410.543
409.543
405.543
414.543
409.543
426.543
432.543
410.543
422.543
422.543
424.543
417.543
435.543
422.543
419.543
417.543
426.543
446.543
431.543
451.543
437.543
458.543
445.543
455.543
448.543
454.543
448.543
445.543
444.543
446.543
430.543
438.543
439.543
435.543
431.543
428.543
419.543
429.543
436.543
437.543
433.543
421.543
425.543
424.543
445.543
447.543
437.543
449.543
440.543
438.543
425.543
425.543
429.543
443.543
437.543
428.543
432.543
406.543
427.543
412.543
413.543
403.543
416.543
405.543
411.543
403.543
432.543
430.543
434.543
442.543
444.543
435.543
440.543
439.543
445.543
433.543
442.543
447.543
437.543
426.543
438.543
431.543
437.543
428.543
435.543
419.543
437.543
430.543
431.543
417.543
412.543
407.543
409.543
416.543
407.543
409.543
409.543
407.543
420.543
407.543
411.543
414.543
431.543
414.543
421.543
426.543
422.543
415.543
406.543
400.543
398.543
411.543
405.543
411.543
417.543
410.543
418.543
406.543
416.543
428.543
422.543
439.543
412.543
428.543
424.543
446.543
437.543
445.543
437.543
423.543
431.543
443.543
439.543
439.543
451.543
446.543
440.543
452.543
454.543
424.543
437.543
419.543
411.543
421.543
411.543
401.543
405.543
409.543
429.543
437.543
438.543
432.543
426.543
420.543
408.543
411.543
407.543
402.543
412.543
415.543
438.543
438.543
420.543
426.543
443.543
457.543
434.543
436.543
429.543
440.543
427.543
428.543
434.543
450.543
429.543
431.543
430.543
419.543
428.543
432.543
463.543
448.543
442.543
443.543
431.543
445.543
448.543
457.543
442.543
439.543
446.543
441.543
454.543
454.543
445.543
447.543
457.543
452.543
446.543
434.543
446.543
436.543
453.543
446.543
440.543
444.543
433.543
432.543
435.543
431.543
426.543
433.543
418.543
420.543
419.543
403.543
391.543
399.543
394.543
411.543
399.543
416.543
429.543
428.543
430.543
439.543
426.543
418.543
427.543
449.543
422.543
432.543
422.543
413.543
426.543
432.543
431.543
423.543
429.543
423.543
438.543
426.543
445.543
427.543
456.543
429.543
444.543
433.543
425.543
436.543
436.543
423.543
423.543
414.543
404.543
407.543
421.543
419.543
420.543
428.543
440.543
430.543
428.543
426.543
423.543
423.543
426.543
429.543
416.543
453.543
441.543
429.543
435.543
435.543
442.543
453.543
440.543
426.543
436.543
419.543
414.543
415.543
417.543
411.543
421.543
439.543
405.543
410.543
411.543
409.543
400.543
414.543
422.543
421.543
417.543
424.543
415.543
410.543
427.543
418.543
422.543
419.543
416.543
428.543
444.543
426.543
435.543
427.543
427.543
449.543
437.543
430.543
420.543
422.543
421.543
403.543
416.543
420.543
407.543
444.543
423.543
419.543
394.543
416.543
437.543
421.543
430.543
420.543
419.543
411.543
422.543
413.543
399.543
399.543
411.543
405.543
409.543
405.543
401.543
400.543
410.543
428.543
411.543
423.543
417.543
410.543
411.543
419.543
410.543
413.543
432.543
414.543
416.543
402.543
418.543
400.543
412.543
407.543
418.543
399.543
422.543
445.543
441.543
430.543
433.543
419.543
418.543
429.543
445.543
422.543
422.543
437.543
416.543
413.543
421.543
407.543
400.543
433.543
436.543
407.543
407.543
429.543
426.543
417.543
429.543
452.543
439.543
426.543
432.543
436.543
440.543
442.543
448.543
419.543
433.543
450.543
434.543
447.543
440.543
452.543
442.543
441.543
447.543
426.543
430.543
429.543
418.543
444.543
439.543
446.543
442.543
453.543
450.543
463.543
464.543
457.543
462.543
443.543
451.543
434.543
444.543
449.543
450.543
463.543
470.543
472.543
456.543
456.543
455.543
453.543
455.543
466.543
457.543
444.543
448.543
457.543
458.543
479.543
470.543
497.543
485.543
459.543
469.543
478.543
454.543
450.543
474.543
456.543
473.543
462.543
467.543
479.543
473.543
483.543
485.543
479.543
449.543
449.543
461.543
470.543
445.543
448.543
461.543
450.543
433.543
436.543
422.543
443.543
422.543
430.543
419.543
428.543
396.543
411.543
412.543
416.543
418.543
415.543
425.543
433.543
428.543
430.543
430.543
429.543
443.543
444.543
450.543
440.543
432.543
434.543
431.543
444.543
441.543
447.543
447.543
438.543
434.543
432.543
452.543
450.543
446.543
419.543
429.543
434.543
420.543
416.543
424.543
420.543
420.543
442.543
424.543
450.543
447.543
459.543
439.543
469.543
466.543
449.543
459.543
468.543
452.543
445.543
458.543
460.543
450.543
443.543
461.543
460.543
470.543
472.543
472.543
446.543
453.543
451.543
439.543
440.543
431.543
424.543
433.543
432.543
426.543
414.543
413.543
420.543
412.543
453.543
425.543
456.543
435.543
445.543
443.543
440.543
466.543
492.543
464.543
459.543
466.543
467.543
453.543
462.543
466.543
441.543
450.543
442.543
444.543
436.543
425.543
435.543
434.543
430.543
429.543
432.543
425.543
421.543
432.543
431.543
425.543
432.543
419.543
435.543
426.543
421.543
434.543
419.543
436.543
440.543
437.543
451.543
445.543
432.543
449.543
446.543
430.543
449.543
438.543
433.543
425.543
421.543
424.543
417.543
420.543
415.543
417.543
422.543
413.543
420.543
413.543
421.543
418.543
409.543
409.543
418.543
412.543
431.543
405.543
409.543
408.543
421.543
414.543
418.543
416.543
422.543
414.543
439.543
417.543
415.543
403.543
424.543
401.543
411.543
397.543
412.543
440.543
413.543
405.543
398.543
414.543
427.543
411.543
419.543
432.543
433.543
457.543
458.543
447.543
447.543
457.543
462.543
448.543
455.543
448.543
474.543
449.543
454.543
471.543
448.543
461.543
473.543
464.543
455.543
460.543
450.543
455.543
469.543
455.543
436.543
451.543
463.543
434.543
443.543
437.543
464.543
450.543
433.543
447.543
443.543
468.543
454.543
446.543
449.543
428.543
442.543
433.543
438.543
444.543
432.543
439.543
419.543
428.543
439.543
424.543
423.543
433.543
423.543
407.543
409.543
409.543
427.543
414.543
429.543
425.543
411.543
431.543
424.543
440.543
425.543
452.543
439.543
420.543
433.543
419.543
441.543
403.543
432.543
441.543
442.543
445.543
448.543
435.543
441.543
444.543
452.543
453.543
458.543
456.543
463.543
439.543
447.543
449.543
445.543
450.543
465.543
453.543
454.543
451.543
450.543
437.543
430.543
436.543
453.543
445.543
444.543
447.543
436.543
442.543
435.543
454.543
462.543
482.543
437.543
451.543
452.543
439.543
456.543
466.543
449.543
470.543
450.543
458.543
460.543
472.543
461.543
480.543
451.543
475.543
453.543
459.543
472.543
468.543
473.543
484.543
446.543
439.543
435.543
448.543
441.543
439.543
437.543
438.543
430.543
427.543
440.543
438.543
441.543
453.543
447.543
430.543
444.543
443.543
453.543
458.543
450.543
454.543
451.543
462.543
445.543
438.543
457.543
440.543
455.543
474.543
441.543
448.543
438.543
445.543
437.543
439.543
430.543
417.543
428.543
434.543
434.543
429.543
429.543
437.543
435.543
428.543
434.543
434.543
440.543
443.543
441.543
437.543
436.543
434.543
446.543
436.543
440.543
458.543
445.543
418.543
426.543
410.543
435.543
451.543
451.543
457.543
451.543
457.543
441.543
442.543
454.543
459.543
456.543
464.543
445.543
457.543
455.543
472.543
464.543
482.543
486.543
491.543
474.543
487.543
463.543
461.543
471.543
471.543
483.543
463.543
473.543
464.543
456.543
459.543
445.543
443.543
443.543
457.543
478.543
460.543
452.543
475.543
453.543
452.543
441.543
432.543
450.543
441.543
441.543
471.543
476.543
466.543
477.543
449.543
448.543
443.543
439.543
424.543
420.543
441.543
432.543
444.543
460.543
460.543
455.543
440.543
440.543
439.543
449.543
459.543
429.543
423.543
427.543
439.543
453.543
452.543
473.543
467.543
479.543
489.543
467.543
459.543
468.543
484.543
484.543
471.543
473.543
470.543
472.543
442.543
472.543
479.543
451.543
446.543
477.543
467.543
489.543
461.543
468.543
477.543
467.543
467.543
470.543
490.543
483.543
491.543
490.543
462.543
479.543
472.543
470.543
459.543
466.543
487.543
467.543
464.543
433.543
462.543
441.543
453.543
453.543
448.543
466.543
454.543
467.543
436.543
430.543
445.543
443.543
443.543
465.543
469.543
447.543
456.543
464.543
461.543
463.543
460.543
469.543
467.543
473.543
466.543
445.543
447.543
456.543
439.543
460.543
455.543
441.543
464.543
450.543
456.543
470.543
452.543
451.543
439.543
435.543
438.543
440.543
435.543
449.543
440.543
433.543
423.543
432.543
459.543
445.543
429.543
423.543
427.543
427.543
435.543
449.543
454.543
452.543
441.543
438.543
432.543
462.543
443.543
439.543
457.543
437.543
444.543
441.543
430.543
443.543
422.543
437.543
448.543
454.543
446.543
446.543
448.543
457.543
450.543
453.543
448.543
442.543
451.543
436.543
436.543
446.543
450.543
442.543
452.543
446.543
441.543
441.543
436.543
430.543
442.543
457.543
456.543
442.543
451.543
467.543
464.543
445.543
463.543
450.543
457.543
453.543
472.543
473.543
492.543
479.543
476.543
476.543
496.543
494.543
487.543
484.543
509.543
501.543
478.543
477.543
479.543
490.543
480.543
487.543
471.543
486.543
472.543
489.543
480.543
494.543
481.543
477.543
489.543
490.543
478.543
497.543
487.543
486.543
499.543
485.543
491.543
489.543
487.543
479.543
466.543
473.543
475.543
482.543
480.543
475.543
484.543
485.543
474.543
496.543
479.543
484.543
466.543
479.543
474.543
455.543
474.543
462.543
452.543
444.543
454.543
452.543
461.543
454.543
440.543
437.543
456.543
459.543
457.543
465.543
457.543
471.543
457.543
458.543
451.543
444.543
447.543
454.543
462.543
442.543
439.543
440.543
452.543
442.543
451.543
473.543
458.543
466.543
467.543
465.543
457.543
472.543
489.543
480.543
458.543
464.543
484.543
488.543
487.543
493.543
494.543
513.543
498.543
506.543
509.543
499.543
488.543
484.543
489.543
492.543
479.543
491.543
493.543
468.543
477.543
451.543
456.543
471.543
463.543
464.543
482.543
474.543
471.543
479.543
467.543
457.543
452.543
469.543
454.543
468.543
464.543
478.543
528.543
571.543
501.543
501.543
475.543
480.543
481.543
469.543
452.543
467.543
469.543
468.543
481.543
489.543
466.543
466.543
471.543
481.543
478.543
470.543
462.543
467.543
489.543
