534
228
226
223
230
225
224
223
238
225
224
219
234
253
207
210
204
202
208
221
293
399
276
243
298
274
256
232
231
239
246
224
269
235
252
282
256
244
226
216
213
211
207
202
202
206
206
220
216
211
222
220
211
219
203
206
212
209
221
211
216
205
205
203
201
199
200
201
201
201
202
203
205
204
208
205
207
209
214
212
221
217
216
210
209
207
203
205
201
205
204
204
198
197
201
199
201
196
199
202
202
205
200
206
199
199
196
191
193
200
200
205
213
216
221
219
225
219
220
223
228
230
231
234
238
222
230
229
234
236
237
242
253
247
244
240
236
238
245
235
227
223
204
197
194
192
191
190
184
182
185
183
185
193
194
204
210
206
206
212
219
222
234
230
232
225
224
222
225
220
218
217
205
198
195
193
200
205
205
200
202
202
199
197
193
195
197
198
201
204
203
206
207
206
209
209
210
210
206
203
204
216
213
222
225
228
224
216
212
233
223
212
204
203
198
199
197
206
195
195
198
192
220
197
199
194
199
198
198
197
198
192
191
192
191
187
186
182
180
182
183
180
178
179
180
179
185
178
179
181
180
175
177
181
179
176
182
170
173
172
180
171
173
170
176
177
177
173
178
172
169
169
169
173
170
173
178
186
181
184
190
189
190
197
198
194
193
192
197
200
198
200
184
191
186
182
182
186
182
180
184
180
179
179
183
183
179
181
184
185
190
183
178
176
178
185
182
187
184
181
184
185
188
189
186
183
182
182
185
182
185
184
186
185
182
185
189
190
193
198
198
188
188
192
190
186
188
189
197
194
191
184
179
170
169
168
171
169
168
171
173
171
173
175
180
175
177
177
182
180
182
185
186
183
188
185
186
182
185
183
182
185
186
184
184
180
186
180
179
179
180
183
181
185
181
178
172
171
174
169
169
168
168
170
169
171
172
173
171
174
172
172
178
171
178
177
178
180
182
184
182
184
180
181
175
175
168
169
169
171
170
169
173
174
175
183
183
190
192
194
192
198
198
203
202
203
200
203
199
194
192
187
184
189
190
182
181
174
175
177
175
177
180
176
180
178
180
184
183
183
191
194
192
195
200
212
205
210
211
221
231
227
225
216
210
202
201
206
206
203
208
209
212
215
232
218
219
218
206
197
191
190
190
194
195
196
199
200
208
205
208
214
216
209
209
202
208
207
208
214
215
217
211
208
209
210
207
210
206
205
199
199
198
199
198
200
198
196
196
197
196
192
193
194
196
209
192
192
195
194
191
194
193
192
193
198
202
194
193
196
194
198
191
188
190
190
189
194
191
192
197
195
201
198
198
201
209
205
210
206
208
212
216
223
216
223
220
208
205
210
214
212
214
215
214
216
226
211
210
208
205
201
206
209
203
200
202
196
195
192
193
202
198
195
199
197
201
207
205
205
209
207
211
212
210
204
203
210
214
215
215
218
217
222
223
222
226
224
222
223
217
214
211
212
205
209
214
215
212
214
213
221
221
220
219
216
217
208
209
207
206
205
210
208
213
216
217
214
216
222
214
212
213
208
208
207
210
213
215
215
220
217
222
222
223
225
223
225
227
224
223
225
223
221
217
207
208
208
203
198
197
198
193
196
195
196
198
201
196
197
198
197
201
203
205
209
211
208
215
207
205
202
204
210
206
212
199
202
200
199
198
199
201
197
202
202
201
206
202
203
204
204
205
193
191
191
189
189
184
182
182
184
185
180
178
184
182
188
187
194
202
202
211
223
226
236
248
247
235
232
238
240
251
265
266
268
260
260
248
241
236
237
231
232
227
232
225
225
225
224
223
221
223
221
221
221
229
226
232
227
231
231
225
221
223
227
215
217
209
206
193
191
189
189
184
187
182
184
182
185
185
188
188
193
193
198
199
198
195
194
196
198
198
202
203
200
199
197
195
194
190
192
192
193
194
194
191
190
192
193
186
186
187
184
185
188
183
183
178
177
175
172
173
174
177
176
181
178
176
183
192
190
191
210
202
200
190
193
194
203
208
207
201
201
209
206
211
214
224
229
230
227
229
224
243
256
254
268
258
265
267
275
241
243
247
249
237
240
236
232
226
221
218
239
235
260
249
237
245
241
234
234
244
245
246
259
246
245
245
274
259
233
231
234
239
257
262
250
249
240
252
240
224
220
228
250
248
232
262
260
268
250
250
265
260
268
268
263
249
260
234
232
244
234
237
241
243
233
222
226
231
229
225
228
229
224
216
228
235
229
230
251
244
237
234
234
234
225
222
225
213
232
218
221
235
212
216
224
225
231
226
230
240
247
231
239
210
214
209
202
208
211
208
213
213
213
233
221
237
235
231
229
245
233
241
227
232
238
240
242
251
236
227
222
220
231
228
230
240
233
233
226
221
229
217
195
205
198
207
217
217
214
217
229
240
244
254
253
257
270
275
295
281
295
289
313
302
307
300
330
310
319
314
307
317
330
333
341
358
343
322
327
330
315
309
315
324
306
287
277
269
263
246
248
243
230
226
237
229
223
237
217
238
232
237
236
230
212
196
222
200
205
204
190
190
190
182
181
180
195
206
195
183
194
224
191
195
177
185
182
184
185
190
196
191
189
188
207
208
243
227
224
221
223
214
217
237
225
224
246
237
241
236
257
248
235
238
238
241
246
246
250
264
253
251
250
250
252
267
255
249
240
235
232
247
239
244
256
250
253
262
256
259
272
263
259
266
276
280
283
292
272
266
255
252
247
236
239
235
237
231
229
236
219
221
229
223
221
217
216
216
214
216
208
211
203
200
205
200
192
197
192
194
195
192
185
186
193
187
188
184
179
187
188
190
191
188
213
208
203
208
211
216
222
221
220
231
229
235
237
230
223
228
224
221
222
217
218
208
201
202
202
200
200
207
202
204
200
203
207
210
218
208
209
204
209
208
207
209
211
215
223
225
236
239
243
232
229
235
231
233
236
229
229
218
220
210
207
216
211
212
200
194
193
195
193
190
200
204
201
198
196
201
209
219
225
217
221
224
238
239
236
235
228
214
204
197
198
191
190
183
184
189
187
191
190
192
199
192
193
193
195
203
203
202
195
194
190
188
196
199
204
194
195
193
193
193
192
194
190
192
187
194
185
180
183
179
179
179
180
175
176
172
172
169
168
167
183
183
188
175
179
178
179
175
217
181
181
207
195
201
192
188
182
192
233
198
188
194
191
188
183
179
176
173
175
177
188
188
173
183
207
203
225
204
203
207
242
228
208
210
198
205
207
200
211
223
202
209
215
227
241
241
229
227
225
225
221
226
252
217
226
224
231
225
232
216
227
227
224
224
230
230
228
232
223
220
225
257
273
242
278
265
276
248
261
248
238
246
238
240
250
216
228
212
217
230
235
233
232
237
230
234
232
232
245
226
222
219
224
217
224
221
201
210
203
206
207
213
215
212
214
227
221
228
224
224
214
214
206
211
229
209
210
208
209
209
219
216
210
204
201
195
196
194
199
196
200
204
210
197
193
200
196
201
221
203
202
195
204
199
198
192
201
190
193
200
192
201
195
201
206
200
213
203
193
204
198
195
196
196
203
204
213
221
221
227
237
237
241
248
244
251
245
248
265
254
252
257
254
247
257
266
253
248
239
228
213
207
200
201
204
193
209
203
202
200
212
210
212
220
213
213
226
220
232
237
242
240
239
231
228
229
229
231
222
205
204
208
204
215
221
228
234
216
210
211
205
202
208
206
224
213
215
216
220
226
218
222
228
218
226
233
231
229
217
212
212
205
200
206
206
201
196
195
201
206
209
199
202
221
200
195
192
201
194
194
198
200
202
195
190
192
189
184
186
189
199
192
200
197
218
206
193
204
199
194
189
187
185
186
187
185
195
190
186
184
185
185
187
185
181
194
186
190
194
190
193
191
209
215
201
204
213
219
210
226
218
220
229
233
242
243
246
236
231
245
246
229
221
215
228
230
227
226
215
211
211
200
203
203
221
219
214
214
223
238
216
234
231
253
246
252
256
251
240
244
243
237
241
221
224
221
246
230
217
220
217
215
211
210
218
215
223
220
219
218
223
212
205
205
197
198
199
205
222
240
202
206
211
238
226
224
227
224
241
238
252
260
261
263
253
245
242
245
251
251
232
242
213
206
211
211
211
218
222
224
234
239
253
252
255
271
269
274
287
280
262
242
229
228
221
233
231
240
239
238
243
231
227
237
264
241
243
252
251
267
249
250
251
262
258
251
243
216
217
208
206
196
201
189
187
186
192
215
198
205
200
201
220
219
222
223
227
213
205
207
205
211
219
220
214
224
234
242
260
248
243
245
243
247
266
248
251
254
264
256
259
250
263
268
283
289
288
291
286
306
303
315
305
294
299
285
284
271
281
298
291
279
269
271
257
246
230
232
219
217
217
205
206
215
212
206
212
224
218
222
227
230
231
238
229
229
222
216
224
225
228
229
239
246
239
246
240
246
259
247
251
256
250
249
253
254
253
256
256
257
259
267
263
262
265
268
275
273
283
291
268
261
278
258
257
267
262
274
276
294
284
287
278
293
268
260
252
250
229
225
224
235
236
237
239
241
231
243
239
236
243
237
244
254
237
226
229
218
216
213
221
218
211
221
213
219
213
242
229
230
228
245
245
253
249
240
242
243
247
250
249
235
221
222
217
233
229
238
236
236
245
244
266
244
241
242
247
253
238
247
257
266
260
265
286
275
261
270
275
267
265
260
248
242
244
248
250
241
255
264
261
259
268
269
266
276
272
265
267
287
263
263
270
257
245
243
246
243
233
229
243
227
224
220
214
219
226
226
221
221
223
225
243
228
240
244
244
250
236
238
266
245
244
234
224
233
233
235
232
227
234
225
222
221
218
224
227
223
224
215
233
216
209
205
215
204
208
204
202
206
208
205
216
205
203
207
207
211
209
222
214
200
202
202
195
198
198
200
225
208
193
205
196
205
194
201
198
197
197
200
200
205
206
204
207
215
231
218
221
223
220
227
223
232
224
228
224
227
213
217
212
217
206
209
200
211
205
210
212
195
203
194
205
196
203
201
195
202
205
220
221
207
214
211
209
213
213
215
216
217
211
213
204
204
197
200
202
199
198
197
197
200
199
203
201
197
201
209
200
199
199
197
208
223
205
204
204
203
203
202
202
200
216
218
201
202
202
198
203
199
196
199
200
201
206
212
223
224
233
224
225
228
229
226
233
224
225
225
229
222
223
217
212
233
232
222
217
218
222
230
233
239
247
252
248
255
250
247
265
248
249
242
244
248
256
255
257
265
266
267
267
278
274
266
261
271
270
276
295
270
268
291
270
260
266
256
255
266
247
252
248
253
260
264
251
254
253
254
252
250
248
243
250
243
245
248
254
251
249
252
248
252
272
273
259
254
253
260
260
260
264
252
250
250
245
257
261
267
281
282
270
278
278
284
285
298
295
313
305
303
309
307
294
282
277
268
266
268
269
284
278
246
247
248
268
247
249
249
242
235
230
230
222
210
206
234
190
194
184
194
187
187
182
180
181
177
180
179
175
173
188
178
176
179
182
205
199
187
186
186
185
188
193
183
181
182
179
182
181
179
183
190
195
188
183
180
178
181
183
178
180
182
201
176
182
189
180
181
179
176
181
184
182
181
181
179
180
184
202
203
188
182
187
189
195
185
194
192
200
197
200
204
208
212
211
216
215
212
216
214
207
202
201
197
195
199
215
196
193
190
189
196
193
197
201
205
198
196
185
191
185
188
189
186
191
200
197
206
194
205
201
203
197
196
195
195
213
190
189
188
186
184
188
176
184
188
184
179
191
193
205
193
180
181
195
198
191
187
188
190
186
195
197
203
209
202
204
199
204
199
199
196
198
198
205
187
190
190
183
189
191
196
192
194
207
199
200
212
201
202
197
201
200
205
221
202
209
208
199
202
196
206
197
199
200
202
200
200
205
210
209
208
203
200
195
196
198
194
197
205
199
198
197
201
203
209
228
219
203
199
208
197
197
198
213
191
193
191
205
200
211
198
208
207
206
237
214
205
214
214
211
219
218
217
219
218
216
211
214
217
207
209
208
206
215
211
207
207
204
210
206
231
212
198
201
199
200
198
224
238
225
208
194
204
226
219
202
196
198
197
220
207
200
207
207
212
210
213
211
216
216
224
221
221
222
209
207
207
205
196
209
209
224
220
206
196
210
209
217
222
231
234
238
228
216
217
221
224
251
227
223
225
223
226
233
230
230
239
229
227
218
214
215
220
205
204
198
203
195
196
185
184
179
192
206
217
235
230
237
238
233
243
240
234
234
243
225
230
220
218
229
226
224
235
232
227
234
247
250
260
262
252
247
255
270
262
272
268
270
269
267
263
277
255
262
268
273
269
254
241
224
227
220
236
234
224
220
232
244
234
234
242
261
259
252
243
244
243
240
241
244
242
243
242
229
239
221
211
204
202
210
200
202
201
214
209
210
209
208
212
225
223
218
225
231
237
238
253
241
250
253
243
240
239
228
230
228
234
238
249
251
259
272
275
268
275
264
276
291
294
284
282
288
285
288
262
268
253
246
242
262
239
237
223
225
219
223
212
216
209
209
206
199
199
205
198
204
192
196
198
200
206
196
204
188
190
193
195
215
190
199
191
187
192
190
188
188
188
192
187
190
210
186
194
190
192
200
198
195
203
212
208
209
208
209
211
217
213
215
204
209
208
212
226
207
204
207
197
198
208
197
204
204
203
214
198
194
190
203
199
195
198
200
203
200
204
202
205
208
191
184
189
192
185
187
189
189
194
188
184
190
184
183
182
182
184
186
182
183
189
200
204
238
224
220
222
253
244
231
237
245
244
242
240
242
230
235
238
255
255
256
244
248
259
267
269
268
261
249
240
249
243
257
261
247
264
274
265
264
269
273
276
276
274
283
252
267
256
254
265
255
255
256
252
253
274
246
235
227
224
227
228
221
212
196
202
207
203
197
193
197
194
190
183
192
190
191
205
201
223
197
191
189
198
201
206
195
198
193
193
194
201
206
201
213
204
206
208
210
208
208
212
211
213
210
210
203
218
211
207
212
208
210
210
213
210
206
212
219
224
228
233
240
231
225
228
213
203
199
205
198
204
209
211
209
209
208
207
203
203
204
205
201
220
205
189
196
184
189
183
182
193
194
195
196
199
197
196
196
204
201
199
201
203
204
215
235
231
237
226
215
219
215
220
214
211
207
212
221
221
230
231
233
228
231
238
226
215
217
222
214
222
220
210
219
225
222
225
225
223
233
231
237
242
245
243
235
241
235
234
237
248
230
234
245
242
234
232
232
234
228
221
232
239
237
245
238
236
231
233
227
222
224
230
240
232
224
227
224
213
215
211
214
214
221
215
225
223
223
216
219
208
199
203
193
209
220
225
227
233
228
230
222
225
222
230
225
209
196
202
208
198
194
188
190
185
184
183
179
173
169
171
167
171
176
179
182
176
178
174
179
183
189
185
197
204
218
212
217
226
230
245
243
258
266
248
267
263
258
259
251
253
250
248
247
248
250
250
272
258
275
266
267
266
261
255
251
259
262
269
287
278
273
271
281
277
283
295
294
295
319
296
302
304
301
306
295
286
269
279
265
273
270
266
268
255
257
254
268
249
250
252
252
266
234
231
224
223
204
196
190
193
192
187
192
207
191
190
191
189
182
175
182
176
176
173
181
179
179
181
179
184
184
186
191
192
199
197
224
190
199
186
189
183
180
190
181
188
180
188
186
200
193
191
196
193
187
190
188
181
184
181
180
177
178
184
178
183
198
182
178
179
185
178
190
186
194
196
189
191
191
198
186
176
177
184
188
190
185
192
193
185
196
202
200
205
208
216
210
211
213
216
220
220
210
222
221
206
206
198
196
193
190
188
184
190
191
190
198
190
193
195
200
196
193
203
208
210
212
222
211
225
242
240
233
227
218
223
232
211
219
219
221
228
226
229
218
204
203
207
203
208
224
211
217
220
217
220
219
215
221
215
229
227
222
218
216
218
260
224
211
214
207
208
208
233
210
204
203
203
205
207
207
211
206
208
211
220
209
234
215
219
217
219
219
232
232
227
256
228
217
218
220
220
222
223
224
225
221
223
215
219
224
213
215
224
225
226
218
216
198
211
215
201
204
210
207
209
207
220
218
219
224
218
219
210
226
224
230
216
255
241
233
231
238
233
229
233
222
218
222
207
211
215
220
233
243
227
229
222
222
215
223
214
215
218
221
218
223
228
222
228
224
218
220
224
221
237
238
235
235
230
247
230
235
231
241
244
237
246
232
231
229
226
227
216
213
212
213
204
209
211
226
213
205
218
216
221
216
220
223
220
232
218
226
231
226
224
224
227
216
228
257
237
216
214
210
216
211
217
219
219
218
214
218
226
217
199
209
207
202
193
192
199
199
212
203
197
191
193
193
198
206
209
214
233
236
243
259
247
240
231
249
281
263
289
279
280
264
262
260
244
241
238
245
237
239
239
238
232
237
248
246
246
232
233
242
250
241
242
241
234
231
227
227
224
212
213
219
196
193
197
200
197
202
198
196
198
203
206
211
210
204
203
208
217
209
210
202
207
201
198
201
203
201
207
216
200
214
206
194
196
189
186
181
181
187
188
186
189
184
225
232
251
218
236
213
199
214
219
216
213
210
214
217
217
220
216
238
263
245
243
263
263
276
266
261
283
267
246
253
261
254
256
248
228
234
228
234
218
233
223
226
225
232
248
242
235
241
252
233
233
236
235
238
245
240
227
225
209
213
238
209
205
202
194
191
193
196
207
210
199
208
196
205
208
211
202
199
216
219
207
206
212
210
211
200
211
212
214
216
213
233
219
204
203
211
205
208
210
200
206
196
188
195
191
190
210
205
199
204
208
212
208
210
221
217
209
212
218
218
220
229
232
230
233
222
217
221
211
208
215
211
211
217
223
239
225
227
236
233
237
247
239
251
248
264
263
281
258
262
260
271
266
262
270
281
268
269
276
285
281
317
287
299
290
299
299
304
299
315
310
315
325
314
311
322
317
315
337
318
313
296
285
270
269
279
266
255
250
248
258
287
250
239
232
231
244
233
232
233
233
233
218
213
227
232
230
226
237
225
223
224
229
227
250
245
239
224
225
234
230
216
208
217
213
210
212
215
234
250
253
229
229
246
249
256
241
226
223
231
220
219
226
241
257
234
242
233
233
225
226
225
225
231
226
231
248
237
254
239
241
253
245
249
227
228
238
248
239
233
230
241
238
235
234
227
226
232
230
220
213
222
235
252
234
218
235
232
221
229
217
212
205
201
214
225
213
221
213
221
210
215
220
232
225
235
223
203
