524
255
231
239
234
252
237
232
244
236
231
223
223
221
212
218
224
222
225
229
233
231
240
242
235
242
232
239
232
234
207
214
216
211
207
209
217
223
216
211
215
208
209
213
210
205
206
206
214
208
210
207
210
216
214
205
219
213
211
212
215
216
207
209
202
198
205
198
209
200
208
205
206
209
205
206
207
221
213
211
218
220
211
214
209
204
203
207
210
212
209
206
204
198
200
200
204
203
209
203
220
207
207
203
201
199
194
196
200
203
203
206
226
224
219
232
224
225
222
224
235
239
239
234
234
225
229
233
235
236
237
246
255
246
248
247
247
246
240
237
231
233
206
196
200
193
186
191
187
191
186
190
190
195
196
208
208
210
228
217
219
230
224
240
247
228
230
228
223
218
227
223
210
197
194
196
209
205
213
207
213
210
208
203
200
202
196
198
203
209
205
207
212
213
203
212
214
207
207
206
209
212
222
219
223
233
231
223
213
214
211
207
205
198
201
210
200
204
195
205
198
199
222
195
196
200
205
198
205
200
198
191
189
201
191
189
192
184
181
184
178
181
180
182
179
188
184
183
186
182
181
176
185
178
174
194
177
178
180
179
182
184
178
180
176
181
177
181
179
177
173
178
180
176
177
183
184
185
190
194
200
192
195
198
201
197
200
197
199
201
206
198
185
189
189
197
205
201
192
185
187
194
187
186
194
187
180
188
181
184
187
183
187
181
184
184
190
186
190
185
188
190
194
188
192
189
185
186
184
188
185
184
188
192
187
185
195
199
195
200
203
191
190
188
193
186
199
189
191
197
195
192
176
176
178
169
172
173
178
174
178
173
176
181
187
178
182
183
182
190
189
183
185
190
190
194
187
190
192
198
187
189
191
184
188
185
182
184
185
181
184
185
189
193
192
180
173
174
173
175
171
171
173
173
182
177
176
179
176
173
173
171
180
170
180
185
184
187
186
193
197
187
185
183
178
173
175
173
172
170
174
176
182
172
176
186
187
201
193
193
198
197
202
201
204
207
208
204
203
197
190
190
187
184
184
193
181
181
172
176
182
184
181
185
181
181
182
187
191
188
187
195
194
197
201
210
209
206
221
224
234
230
232
218
210
209
205
210
204
207
207
209
217
213
226
234
216
220
207
205
200
196
198
200
194
205
206
205
207
213
211
223
216
217
210
206
206
213
218
212
215
217
224
213
212
211
214
207
212
206
203
199
205
212
198
199
202
202
202
199
201
194
194
201
199
204
195
196
194
194
195
197
197
199
199
198
195
202
192
196
192
191
198
195
195
190
200
191
194
201
202
198
197
209
207
209
204
209
216
208
216
212
228
218
229
218
219
207
209
213
214
222
222
218
215
218
221
216
214
208
212
204
204
209
206
207
207
201
200
195
191
193
196
198
217
200
209
206
207
212
213
211
217
214
210
208
206
214
215
223
218
217
225
219
222
225
238
223
223
218
214
220
211
213
209
213
217
218
215
222
224
218
224
225
227
228
226
216
217
222
216
214
209
220
211
213
221
224
223
219
225
216
215
219
217
232
212
224
246
232
225
229
225
228
230
246
225
222
234
236
233
229
230
229
221
213
214
205
210
219
200
196
202
200
202
205
209
206
204
202
202
204
209
211
213
213
225
210
217
215
228
216
211
211
205
202
204
204
201
202
199
207
198
202
205
211
203
211
203
213
203
207
212
198
205
190
197
190
183
189
190
191
192
187
187
187
195
183
193
199
218
214
230
235
243
247
244
244
233
234
241
243
255
277
273
274
265
263
268
248
248
269
245
235
237
235
240
248
238
236
235
230
226
219
224
231
225
234
242
235
266
254
249
239
262
249
232
237
236
226
209
204
207
216
214
201
195
204
190
194
187
215
203
205
207
197
201
204
198
204
199
198
228
236
232
254
255
242
211
241
208
209
214
208
202
201
199
214
202
204
208
210
207
202
206
201
201
211
202
192
185
185
195
187
190
188
199
189
192
188
204
199
207
213
210
202
206
203
205
207
203
218
206
225
222
219
219
213
218
262
240
237
237
259
254
251
256
276
266
271
266
259
257
255
259
256
259
249
249
255
253
242
242
235
232
231
225
215
218
226
229
234
241
237
239
233
262
243
245
246
240
243
243
251
253
274
253
253
244
237
234
237
229
246
228
227
234
243
236
267
252
274
282
284
297
283
264
261
254
238
252
248
275
248
240
240
239
242
231
244
225
231
228
232
233
235
224
225
235
250
245
243
244
242
246
234
233
229
231
230
227
231
228
221
232
223
231
233
242
263
254
250
239
249
226
221
231
219
215
210
215
215
220
216
221
223
223
228
239
243
237
239
236
236
242
233
233
241
241
244
245
230
222
219
228
239
234
237
250
249
232
225
223
225
212
205
201
209
203
209
208
221
224
233
242
251
256
253
255
273
288
323
298
305
302
322
300
303
307
325
320
341
316
323
323
330
337
358
350
331
341
328
319
315
314
312
299
289
309
296
274
286
263
244
258
247
235
236
226
236
232
230
235
250
231
220
214
203
197
190
191
195
197
193
188
186
186
181
180
188
181
177
180
186
186
182
189
192
194
186
181
173
181
183
185
189
193
196
209
202
207
215
207
207
211
220
223
220
217
214
224
229
230
226
232
235
236
233
241
243
246
241
244
248
255
258
250
261
267
256
255
237
228
232
235
243
250
248
260
257
252
263
263
258
257
281
279
283
283
275
283
273
262
254
253
257
235
241
244
244
229
227
230
230
222
219
220
232
220
212
216
217
218
207
208
208
210
202
200
202
195
197
193
197
191
191
204
190
184
180
183
182
187
186
192
189
189
193
206
213
210
219
221
227
228
227
250
237
235
247
252
236
234
229
227
227
221
224
209
205
209
208
207
214
215
206
206
213
224
216
217
221
218
211
210
213
212
209
217
220
215
229
239
236
239
242
235
233
250
235
241
237
236
233
227
229
220
210
212
213
214
209
200
203
198
203
202
218
202
210
203
207
209
212
217
229
220
224
233
236
251
246
235
227
232
216
203
201
194
192
186
195
189
199
205
202
201
198
198
193
196
197
203
209
218
206
196
198
206
205
209
207
204
209
204
200
200
194
207
208
211
196
196
191
188
187
185
189
190
186
191
180
180
178
176
177
175
177
176
174
182
210
196
185
185
179
176
182
181
186
188
182
188
188
191
185
189
206
190
191
192
190
193
191
181
183
180
180
182
180
182
183
186
205
207
204
208
214
206
210
209
215
206
213
217
211
209
200
203
203
206
216
217
221
224
225
226
227
222
225
225
230
231
224
231
232
232
230
235
233
235
234
235
234
240
231
235
233
233
231
225
238
243
232
227
235
227
226
230
232
226
226
218
218
235
225
236
237
229
231
243
242
249
231
232
222
227
224
219
218
213
216
206
213
208
204
208
206
205
222
220
222
232
228
219
225
215
211
216
208
214
211
217
214
205
211
216
216
228
219
215
211
212
199
200
200
199
204
213
210
206
199
200
206
204
205
215
205
209
210
215
197
196
199
192
216
203
202
206
208
202
207
200
207
199
195
194
195
199
204
202
224
221
223
218
242
245
239
243
249
251
257
248
254
260
255
258
263
251
261
256
252
258
254
253
249
230
223
216
211
215
205
203
199
201
204
202
197
208
215
222
222
244
216
230
232
248
248
248
244
232
229
225
230
227
221
215
206
212
202
212
213
212
215
220
215
213
202
219
210
207
227
219
217
220
218
216
217
212
219
227
237
230
231
225
225
210
208
210
228
211
203
196
201
199
201
202
196
201
207
198
204
209
200
202
199
217
201
202
203
199
202
185
199
185
190
202
203
195
189
194
197
217
211
201
213
197
195
187
184
186
191
192
192
192
192
189
184
185
184
185
183
183
188
187
191
198
195
198
190
205
201
206
214
215
220
219
229
227
234
230
243
241
248
241
233
230
233
229
224
223
224
249
227
222
217
234
210
210
200
206
207
212
210
209
211
214
217
232
233
240
250
249
248
255
243
248
242
259
251
224
219
219
218
219
210
217
218
213
225
211
216
221
222
225
223
215
222
223
215
201
208
196
197
205
193
195
206
203
216
219
219
220
228
224
235
244
250
260
264
274
258
248
251
244
249
255
232
210
212
219
209
216
223
219
223
226
238
243
257
278
258
265
272
273
276
274
256
246
230
254
223
233
231
242
239
234
236
238
229
230
243
241
246
241
252
262
270
244
266
253
258
247
239
218
214
210
199
204
194
189
187
194
195
197
192
206
204
203
217
223
223
228
221
223
217
202
208
210
215
219
220
222
233
242
241
247
241
242
267
256
247
248
251
257
254
261
258
268
263
262
265
279
286
289
291
294
303
325
316
306
303
299
277
273
282
286
278
268
281
269
261
249
225
229
242
222
215
212
211
206
208
208
208
205
223
225
230
225
228
220
222
225
218
221
223
220
227
233
242
272
241
252
236
246
237
237
252
255
254
257
250
255
258
254
261
281
266
258
272
265
268
271
271
272
287
268
259
267
257
255
265
266
282
276
277
295
289
289
268
274
284
261
259
251
229
221
226
231
230
234
239
238
227
241
247
235
235
243
230
240
235
228
225
223
212
215
229
227
213
210
212
222
212
224
221
232
238
242
250
252
261
242
242
256
248
250
246
237
220
218
217
232
232
245
235
232
245
244
253
253
244
245
266
254
261
245
261
260
263
264
285
280
274
271
263
303
272
254
253
250
252
247
250
253
249
260
267
261
268
267
268
267
265
266
260
272
257
267
283
265
255
269
256
240
249
230
230
224
229
226
224
227
220
244
241
226
233
227
234
232
238
242
244
238
240
235
244
240
236
233
227
226
237
244
238
228
254
223
225
221
216
222
217
224
223
220
213
214
213
212
210
213
209
221
216
209
203
204
217
210
205
202
205
218
210
206
209
202
194
197
199
198
199
195
198
196
215
203
192
192
197
201
202
201
200
200
205
206
205
207
213
215
220
216
223
216
224
250
228
250
237
224
227
222
221
210
218
212
207
201
199
204
205
205
204
195
202
218
211
204
200
204
200
208
208
209
204
208
202
208
210
215
214
210
211
216
215
212
205
220
209
202
200
199
198
196
199
198
205
246
222
210
205
218
234
234
209
211
213
215
207
208
223
212
211
210
215
207
209
206
215
203
201
208
199
201
221
217
214
212
232
224
239
240
234
234
224
231
233
229
223
226
223
223
222
223
223
224
224
221
238
235
217
241
260
257
253
262
262
260
263
267
252
251
252
247
254
248
245
250
256
270
254
261
278
269
264
286
266
261
266
265
270
275
270
269
266
266
262
261
264
261
258
252
269
264
260
252
256
253
253
256
252
264
262
246
251
251
246
246
241
244
243
250
249
261
255
264
250
266
259
262
274
259
259
261
275
260
247
257
258
256
265
266
271
294
281
273
278
280
293
291
291
313
301
313
303
297
291
281
278
280
278
274
276
260
258
261
250
277
267
238
252
254
243
234
228
237
221
208
200
193
189
185
181
185
201
193
174
182
177
176
180
176
181
179
184
178
178
183
183
179
184
205
186
189
184
190
186
178
175
186
178
182
180
202
184
191
188
186
180
174
181
176
179
175
175
187
178
179
178
183
196
185
177
183
179
180
178
181
182
180
180
188
188
185
196
184
186
185
184
193
194
189
199
198
203
200
203
216
228
212
213
212
210
211
210
198
198
197
194
193
201
194
194
191
204
207
196
197
192
195
200
191
186
188
188
194
186
191
199
197
191
196
198
204
198
196
198
192
193
199
192
190
184
184
182
186
185
182
193
187
188
186
189
193
194
188
178
180
180
179
185
182
189
188
196
189
193
212
213
198
208
201
201
194
191
198
200
197
201
192
188
182
189
185
191
193
190
202
203
198
202
201
197
215
204
204
203
198
202
197
201
207
198
197
204
201
206
197
197
203
208
222
215
210
211
212
206
204
195
191
200
194
195
199
200
205
203
201
201
202
205
207
203
210
223
204
200
195
197
192
191
195
197
201
199
201
205
206
208
216
207
209
207
214
213
220
226
228
218
218
217
219
213
214
208
209
213
211
203
215
210
203
209
206
213
208
206
207
209
196
201
201
203
202
201
196
195
200
200
200
203
199
201
194
203
197
201
212
218
209
215
219
215
211
217
213
218
213
211
208
209
210
206
198
210
203
209
214
201
204
206
217
213
239
231
232
225
229
222
217
220
219
234
227
229
219
221
228
228
244
231
228
226
231
220
213
215
206
207
208
198
195
194
189
190
181
180
186
195
212
219
234
248
236
252
247
238
238
230
232
224
215
218
217
226
235
226
231
235
230
238
258
254
260
257
248
249
248
256
260
260
267
273
276
275
258
257
258
271
275
263
263
275
247
226
222
225
231
238
234
225
226
231
234
238
246
275
255
254
242
240
239
240
238
235
242
246
238
232
213
220
220
212
198
210
204
203
201
210
208
223
208
215
248
223
220
218
224
233
234
237
245
245
244
264
246
244
236
233
225
229
233
238
247
255
259
270
272
267
269
269
272
270
284
281
282
282
294
278
268
260
260
246
252
234
235
239
229
226
237
215
210
210
214
203
206
208
206
204
198
209
205
204
201
200
207
196
190
192
187
196
186
198
187
190
195
206
201
184
186
187
198
192
185
194
189
190
202
188
191
203
216
201
203
204
209
215
216
213
211
210
209
214
207
205
205
209
209
206
207
204
209
197
198
196
197
201
208
195
206
195
193
209
198
198
194
198
200
201
208
199
197
198
187
185
186
186
192
188
190
197
197
189
189
205
197
184
189
189
182
185
181
181
190
193
198
204
210
226
228
230
229
242
244
244
239
238
243
242
236
262
240
241
243
249
243
248
258
274
267
271
280
268
242
251
246
253
261
254
270
278
269
260
270
271
270
273
272
265
253
256
263
259
282
262
262
264
254
245
244
243
235
225
229
222
246
232
210
199
204
211
202
199
192
193
189
186
189
187
193
196
194
201
211
198
189
196
192
208
203
199
198
193
198
198
198
209
200
208
204
201
211
204
208
206
207
208
210
223
209
212
222
220
217
208
223
214
215
208
216
212
217
219
227
239
232
239
246
225
208
212
208
220
199
205
203
222
219
207
215
214
203
199
203
203
207
206
199
201
195
188
187
184
197
207
197
196
199
194
196
196
214
191
199
199
197
206
212
206
210
220
225
235
243
220
216
216
221
210
210
210
209
221
226
232
236
235
229
233
220
227
211
212
238
224
216
220
218
226
221
225
233
223
225
231
229
232
242
241
240
248
237
244
232
236
237
235
246
239
247
236
232
247
240
224
224
230
243
240
243
242
238
237
249
228
223
217
226
239
240
228
219
224
216
207
213
215
219
217
226
217
225
222
223
210
208
206
209
218
215
218
226
236
230
227
228
221
219
219
221
210
203
203
199
196
207
206
187
192
193
178
178
174
173
180
176
173
177
179
180
177
175
178
183
178
180
188
187
192
196
204
209
226
245
232
238
236
241
251
249
249
258
255
252
262
261
280
263
249
248
251
252
264
268
268
274
270
265
258
263
249
251
258
258
270
270
289
273
274
276
283
279
294
305
299
298
299
310
304
306
305
288
290
273
272
269
269
267
259
272
249
256
263
251
255
250
248
243
228
227
224
219
220
209
196
190
191
189
192
188
193
191
180
182
181
178
175
192
179
181
179
176
178
175
177
181
184
180
188
190
202
185
187
185
191
195
182
185
181
182
178
182
180
180
194
186
191
207
194
193
201
209
203
188
189
197
190
188
184
175
186
180
182
179
178
180
182
180
186
186
190
194
214
187
191
193
184
183
181
179
183
177
175
189
187
188
190
189
194
210
199
198
225
225
214
219
214
204
208
202
199
195
196
192
193
193
187
191
184
184
192
183
189
184
211
197
190
187
197
199
197
205
213
210
214
224
233
243
233
222
214
214
225
220
214
219
227
235
230
233
217
210
219
195
201
204
208
220
209
213
223
220
219
218
226
219
224
217
218
218
230
217
213
211
213
210
214
207
204
205
200
209
203
203
206
204
203
215
201
206
206
212
211
220
224
226
219
219
225
226
246
233
235
224
226
216
218
222
237
217
247
223
229
224
217
218
212
211
213
209
214
219
217
209
206
206
200
207
206
212
205
216
225
216
238
229
225
215
215
218
214
226
219
223
232
224
231
233
232
237
244
226
219
218
215
211
219
223
216
224
222
222
218
222
218
222
219
213
217
216
226
220
233
225
237
238
231
218
215
218
230
223
235
235
231
234
255
235
240
240
234
250
240
237
230
227
226
218
207
210
220
207
205
202
204
208
226
211
211
210
210
211
209
215
226
216
222
218
221
224
218
218
213
213
216
210
208
211
208
209
207
210
206
227
240
215
223
215
217
214
200
198
195
195
200
193
188
196
190
196
192
184
189
190
192
193
197
206
212
226
239
263
244
245
239
242
246
243
252
274
282
275
266
261
253
247
251
247
238
238
234
242
242
232
235
237
226
228
232
233
239
239
246
240
246
227
251
241
233
223
214
210
199
196
190
194
193
191
192
198
200
199
224
208
208
213
204
211
213
207
210
209
207
199
200
204
209
203
200
199
198
198
196
197
199
196
191
183
194
192
192
193
183
192
191
187
195
202
206
194
200
203
203
204
201
208
213
208
215
219
215
225
225
234
245
238
238
251
267
271
255
262
257
246
254
261
258
243
238
234
224
239
243
218
219
218
221
219
227
239
229
236
237
236
242
226
234
243
268
241
237
226
224
214
209
206
211
212
203
196
206
198
201
202
198
197
199
195
199
197
206
198
202
204
203
211
210
203
202
222
213
199
207
210
210
220
213
215
230
197
203
209
209
203
200
194
191
187
202
200
224
218
228
218
203
201
198
200
211
206
209
214
207
214
214
223
222
221
223
227
219
216
208
211
208
215
210
210
217
217
233
228
224
230
237
232
232
244
243
249
259
255
259
258
259
261
256
263
258
267
270
271
292
277
277
293
284
290
295
288
300
296
306
290
301
311
334
316
321
320
310
314
330
319
323
319
300
289
282
275
287
294
259
245
260
256
254
258
242
241
236
234
234
233
231
233
235
230
223
224
252
224
231
228
227
222
227
220
231
229
235
224
228
234
232
222
223
216
224
211
216
217
227
238
235
232
226
225
236
244
247
253
229
232
225
223
219
227
250
260
231
229
237
239
229
230
221
227
228
227
225
248
238
255
244
246
247
253
239
232
236
241
240
240
236
240
233
236
239
242
242
227
232
233
226
214
227
228
248
237
225
249
233
224
225
227
217
206
201
198
209
233
218
211
215
200
218
219
226
215
226
221
206
211
210
217
213
220
214
220
220
234
245
239
250
237
266
261
240
231
242
235
239
229
226
221
217
212
212
218
211
196
207
215
205
203
211
210
214
218
216
225
248
243
237
235
238
225
236
248
239
229
232
245
235
221
217
245
222
227
232
226
229
249
259
251
266
248
235
239
232
237
263
253
246
240
260
269
258
245
242
225
223
221
222
216
213
216
208
215
215
210
214
237
234
220
233
229
232
220
218
211
220
221
215
217
213
208
214
223
237
229
222
222
209
208
223
224
225
241
233
226
219
214
205
219
233
234
218
230
238
227
225
238
221
221
217
226
214
212
215
227
233
218
213
215
230
221
213
213
204
206
212
230
217
221
205
213
223
229
248
221
224
227
234
222
228
225
232
225
228
234
280
251
238
215
217
228
246
263
241
240
257
248
247
248
255
241
243
237
243
239
232
237
242
240
251
238
253
270
243
238
235
224
214
211
211
217
216
210
214
222
220
245
250
248
250
227
228
222
218
214
219
212
221
217
221
215
215
217
230
246
236
235
232
226
225
221
237
232
233
239
226
215
207
205
209
223
218
241
233
254
241
227
231
228
233
239
237
237
241
233
234
234
233
235
239
247
263
253
259
267
281
281
284
273
281
261
259
260
269
270
272
278
272
267
275
271
270
262
256
255
251
253
264
244
247
238
234
237
220
230
221
217
225
205
216
229
208
200
197
195
192
192
196
203
190
191
191
196
202
194
196
192
193
197
210
196
189
195
194
197
195
189
195
191
192
197
190
188
187
199
198
191
200
189
190
202
198
197
203
213
208
223
222
235
226
224
251
234
232
243
238
236
234
235
233
230
227
221
222
220
227
223
216
219
227
223
235
226
224
229
225
232
227
241
225
222
232
226
222
223
226
223
222
216
227
234
229
217
215
212
216
211
217
218
214
213
217
218
225
218
230
225
225
208
210
212
206
207
212
211
217
227
239
231
220
235
224
220
224
216
220
210
222
210
213
207
212
210
208
224
210
216
216
220
222
