390
32
33
31
31
33
30
31
33
31
27
31
29
32
28
34
28
28
27
25
23
23
29
27
24
22
27
30
30
27
25
27
25
26
23
26
23
27
20
28
25
21
22
26
26
23
21
22
25
22
23
23
26
24
25
24
27
25
26
24
24
26
26
26
25
26
21
22
26
27
22
22
22
25
24
27
20
22
23
22
21
24
27
24
30
34
23
24
23
24
25
24
20
22
23
21
22
33
27
25
25
24
23
26
24
21
25
24
22
25
24
26
26
33
29
23
25
24
26
25
28
27
25
25
26
26
28
27
25
25
26
26
26
26
24
30
27
26
28
27
24
23
27
24
21
23
25
26
28
23
26
22
22
23
26
24
27
24
28
24
23
26
26
25
26
28
32
24
35
24
27
25
24
22
22
24
25
24
23
24
23
27
25
22
23
25
22
26
24
23
24
25
23
24
23
23
38
25
23
21
23
23
26
25
24
25
24
25
25
25
23
21
25
23
22
23
27
22
26
21
25
21
46
28
25
22
22
22
24
25
26
24
24
26
23
25
28
22
22
23
22
21
23
22
20
23
23
27
22
83
247
166
168
176
170
160
160
159
202
210
172
165
156
177
174
166
167
159
152
163
161
167
165
168
194
171
171
173
192
201
189
197
191
191
179
184
185
190
222
201
197
199
208
201
214
213
205
210
206
209
205
205
222
224
212
215
221
233
245
277
236
210
218
211
219
210
217
226
238
246
214
225
291
252
296
293
258
272
269
256
260
253
251
266
253
293
283
248
226
246
233
237
227
245
232
246
231
225
228
246
275
259
237
243
251
242
221
220
237
239
242
236
238
239
234
254
264
238
238
256
281
235
243
228
228
227
235
226
241
230
240
236
236
240
227
237
236
238
240
229
232
224
232
235
240
230
232
234
228
230
228
235
222
228
253
234
225
226
231
231
231
235
251
229
231
236
237
234
234
241
244
235
237
238
243
237
244
235
232
242
242
238
235
234
230
232
245
231
243
249
252
246
250
256
245
243
248
255
249
263
258
270
267
256
255
252
248
252
251
248
245
249
246
246
241
236
243
244
232
240
250
243
241
244
245
230
241
247
244
249
237
237
249
249
246
240
247
246
238
241
248
243
238
252
249
244
277
254
252
254
265
259
254
264
257
253
252
253
250
253
255
258
255
246
260
263
253
256
253
270
254
257
256
255
262
276
266
255
256
253
263
254
246
257
254
247
256
263
254
247
246
250
261
252
251
252
246
250
255
268
255
259
261
254
273
303
274
262
261
291
287
275
280
280
291
292
278
282
273
269
261
262
267
262
314
262
264
259
257
278
267
254
241
263
267
258
252
254
250
261
265
262
250
262
250
253
264
254
269
256
265
255
251
261
252
265
263
250
257
253
254
251
259
251
255
249
252
255
253
266
247
251
265
263
270
261
258
257
257
259
249
250
254
253
255
258
258
255
265
259
263
249
265
258
253
265
257
261
258
262
275
262
264
259
255
265
287
272
267
271
273
273
268
277
275
268
267
266
269
274
272
275
272
270
284
270
271
270
268
263
272
272
265
271
270
254
262
262
260
270
267
267
264
263
264
258
257
263
277
270
255
260
254
266
266
273
262
265
278
287
262
278
270
264
273
268
297
276
276
279
273
272
282
276
273
284
269
262
253
273
305
274
274
271
261
263
266
273
269
273
277
272
271
284
266
266
270
273
268
276
281
278
265
289
291
283
289
281
279
269
284
282
277
282
278
277
275
281
283
267
263
272
274
286
275
277
279
277
291
270
272
274
264
275
263
279
271
271
271
269
257
260
259
261
258
264
260
278
257
257
262
255
268
259
267
260
261
260
260
276
272
277
271
278
277
276
272
279
264
270
270
270
285
278
275
281
284
280
273
281
284
337
327
275
274
268
269
273
274
277
272
277
283
291
283
280
276
284
288
272
286
285
287
290
285
283
279
291
277
276
281
281
287
298
276
295
293
292
286
292
288
301
297
299
293
287
288
283
289
289
285
289
286
285
283
281
280
281
284
287
278
279
278
286
284
268
281
287
293
282
285
280
278
297
292
286
286
274
288
287
287
288
289
282
285
285
281
294
300
288
290
294
303
287
287
285
289
297
286
283
290
295
286
309
310
295
284
283
291
287
291
284
285
294
294
295
282
287
291
276
274
284
299
391
277
289
281
283
288
287
272
287
274
276
278
282
276
280
281
291
276
288
277
284
291
278
281
287
292
276
278
280
287
276
285
278
287
289
277
282
289
288
285
287
281
288
285
282
288
294
290
297
296
298
297
294
295
327
303
298
312
298
295
298
287
290
292
285
295
292
289
289
283
295
294
296
291
295
295
299
299
298
293
294
297
298
307
292
300
309
298
310
304
297
298
290
300
289
300
299
300
296
301
306
298
336
294
298
307
306
294
298
294
304
296
293
296
300
291
307
291
296
295
285
298
298
289
296
292
303
293
301
290
296
297
306
300
311
295
298
295
297
297
300
299
312
302
292
303
294
304
301
295
288
306
300
300
299
303
305
307
299
302
296
296
292
312
299
303
300
332
308
310
303
295
295
290
301
294
285
297
294
297
302
298
293
297
299
298
298
303
307
311
297
305
304
305
307
300
298
307
297
300
305
311
312
299
298
297
293
295
299
294
293
300
298
290
298
298
298
294
303
299
292
293
296
294
311
297
295
299
291
296
300
306
295
297
304
292
300
294
293
302
300
295
299
294
296
292
298
299
309
290
299
300
295
291
302
305
298
296
299
303
294
301
296
295
294
303
290
299
297
314
303
305
302
301
311
306
313
308
304
300
308
305
314
309
307
309
315
310
307
310
310
303
304
306
297
316
302
302
302
308
299
305
319
322
310
298
304
300
308
301
313
308
314
313
308
306
307
306
298
305
292
308
292
299
304
316
304
295
290
297
351
315
299
309
322
307
304
303
320
315
302
296
301
304
302
304
298
306
309
301
309
316
308
302
310
308
312
303
307
312
301
313
310
303
321
310
315
337
316
325
321
314
316
301
308
305
323
301
306
297
299
346
336
302
301
314
304
296
297
300
299
305
305
308
290
306
299
300
296
297
299
295
304
298
301
300
292
306
297
290
299
302
300
294
305
301
313
297
303
333
326
307
311
313
297
303
298
308
308
300
300
298
300
299
295
294
298
298
300
297
303
297
290
296
292
296
299
307
300
302
300
301
299
300
298
302
307
288
299
300
300
305
306
298
302
307
299
300
304
306
297
311
304
296
304
305
299
295
306
296
305
301
299
304
304
292
305
300
308
301
319
312
309
309
304
299
298
309
298
309
301
299
302
299
304
306
305
308
311
297
302
303
291
299
294
303
299
296
305
306
296
304
306
307
293
298
297
299
299
295
302
301
303
301
305
306
300
314
307
307
306
301
304
313
305
300
309
305
303
300
300
297
312
305
315
315
311
297
305
310
309
307
314
310
310
313
312
310
315
317
306
309
325
309
318
301
303
312
308
306
303
305
309
310
308
305
314
305
307
314
307
297
309
308
305
317
313
311
317
312
304
309
306
316
301
303
307
306
301
305
306
308
313
301
305
302
307
311
305
296
309
317
300
304
306
298
321
311
312
325
306
317
328
301
303
308
302
315
313
337
321
303
304
304
305
298
307
311
302
328
300
298
303
302
331
357
331
304
302
299
305
292
307
296
302
313
313
309
319
303
297
305
295
301
299
311
304
302
305
297
304
300
301
306
300
301
303
305
316
313
311
309
301
302
308
303
301
316
312
306
307
309
306
313
312
311
307
302
306
304
313
306
308
303
309
311
314
301
311
314
307
312
324
314
318
312
316
323
311
318
311
331
329
316
321
319
306
316
316
311
314
311
303
312
311
307
304
316
314
316
311
307
324
315
311
317
325
314
321
321
318
313
304
312
323
312
311
316
318
312
318
322
324
306
320
314
325
321
317
317
324
314
326
310
322
320
315
317
315
319
312
317
311
313
321
322
324
322
318
312
322
316
318
320
317
321
327
321
321
398
314
318
317
322
317
311
319
315
309
316
311
317
314
311
308
311
320
313
301
313
318
314
310
311
311
306
315
319
326
318
316
317
308
320
310
318
316
321
318
313
314
326
326
319
314
325
319
324
315
312
312
310
311
313
309
306
324
318
311
333
333
315
314
308
309
308
306
314
314
312
315
315
307
304
313
308
547
347
311
308
309
303
298
305
305
301
307
299
303
313
313
323
308
324
312
321
316
309
313
316
316
317
313
307
303
307
310
312
309
318
317
304
312
321
316
308
316
317
305
326
326
338
325
327
324
319
315
314
328
319
317
313
309
361
365
317
316
309
319
311
318
316
319
318
325
317
314
318
312
320
324
313
305
312
311
309
317
310
315
319
318
305
320
312
306
318
321
320
318
315
309
308
314
305
327
319
307
312
312
304
313
313
316
304
316
312
328
321
316
320
336
318
318
313
313
326
318
321
331
327
318
311
320
319
314
318
315
322
328
312
322
323
316
322
318
319
312
321
327
314
317
317
323
310
317
309
330
317
318
320
325
321
325
322
318
316
322
316
319
327
320
322
327
332
324
321
325
322
322
314
322
325
323
337
323
337
316
321
329
327
323
333
316
324
319
326
322
320
316
321
321
328
319
317
324
319
323
312
313
322
320
315
315
317
322
315
333
325
320
322
323
315
331
328
326
310
328
320
317
312
321
322
326
315
319
332
326
326
319
328
319
324
315
332
329
314
333
326
320
326
332
316
325
322
323
316
317
325
326
323
329
331
326
320
316
309
318
327
335
320
331
315
326
324
324
316
316
316
331
326
321
327
326
323
332
325
328
333
333
322
332
323
317
330
324
329
331
321
328
327
326
323
332
327
319
333
328
328
321
321
329
319
327
324
329
327
323
324
323
332
325
325
339
389
332
329
320
331
324
326
325
325
329
321
324
328
328
325
321
341
350
325
321
325
318
321
320
320
317
319
317
319
313
322
320
323
321
327
327
328
326
322
318
325
322
322
322
328
318
316
328
327
325
325
323
326
327
331
321
319
328
327
318
321
333
316
313
318
329
314
327
326
319
326
320
329
323
328
325
324
326
319
324
328
340
329
322
323
325
326
323
330
333
334
320
327
326
322
319
327
327
323
320
327
324
330
332
320
334
331
326
330
320
326
314
318
328
323
323
335
335
327
322
331
325
329
330
326
338
330
400
394
373
348
370
337
334
342
329
335
341
334
342
358
348
337
331
325
328
328
337
328
327
327
322
330
325
327
327
337
333
325
328
330
363
336
341
321
338
332
326
328
338
334
332
324
324
324
328
335
329
334
330
322
327
329
328
321
319
322
315
323
333
314
327
322
326
322
332
333
327
329
329
329
332
326
327
326
324
324
329
334
331
332
324
328
338
321
327
323
337
333
335
331
331
324
328
334
334
328
382
383
314
401
404
323
337
326
326
328
322
324
333
326
326
330
332
319
328
329
327
328
324
330
333
326
329
328
327
328
332
325
332
327
326
324
321
324
323
323
328
332
323
323
328
321
326
327
338
320
331
327
337
324
317
314
316
326
324
323
315
324
314
318
323
317
314
313
316
315
318
311
308
316
314
321
323
318
319
313
316
313
326
317
316
318
324
313
307
314
317
304
310
316
309
330
314
304
306
313
318
307
308
323
311
312
317
313
304
317
317
313
323
315
323
318
318
312
306
307
314
306
321
328
326
326
315
327
331
324
323
329
331
324
319
329
326
331
327
332
332
337
327
328
328
337
342
329
329
345
343
338
341
335
345
328
333
335
337
336
330
332
328
330
333
329
331
347
333
358
355
361
341
329
332
335
337
338
334
339
343
328
325
325
339
333
332
326
333
326
331
334
333
324
324
324
332
333
325
331
328
334
334
335
327
333
339
333
327
331
332
332
322
328
330
323
327
331
328
335
333
339
328
332
330
331
336
333
329
324
335
314
327
333
328
329
339
336
334
330
337
339
334
327
334
332
329
338
332
327
335
339
336
339
332
334
336
332
331
333
336
327
344
333
331
329
332
341
339
339
340
342
336
331
341
337
329
334
318
334
323
323
308
331
322
317
325
322
322
317
310
321
324
320
319
332
324
324
320
334
326
324
316
328
322
321
318
327
322
322
317
332
323
328
333
336
321
320
322
332
327
322
324
322
326
321
320
322
322
320
322
321
334
321
317
318
323
319
329
327
330
333
332
331
328
329
340
327
324
341
329
331
329
336
340
339
341
337
339
342
347
333
327
338
334
325
338
331
339
338
323
326
341
331
337
335
348
343
330
335
333
327
328
331
338
323
332
326
339
329
333
328
330
332
336
337
337
326
328
332
331
335
331
335
330
326
326
330
324
338
324
345
334
332
330
327
333
330
343
331
333
327
336
334
326
340
337
347
338
331
334
339
332
330
340
336
325
333
330
334
324
325
325
336
341
330
341
339
332
332
338
322
340
331
327
335
316
321
324
323
328
323
325
317
322
328
324
324
318
324
327
316
323
321
322
322
316
329
325
323
322
330
317
324
334
330
321
332
338
333
324
320
331
320
339
327
344
340
335
329
338
347
328
321
334
344
333
326
338
344
333
331
332
339
335
337
338
342
347
341
332
340
329
345
324
338
332
338
333
338
342
336
332
338
341
333
336
325
332
334
335
335
333
327
336
339
333
342
330
337
331
340
332
334
329
338
346
329
344
339
344
341
335
339
341
336
335
334
340
337
326
337
331
351
338
332
341
336
338
336
338
344
333
334
330
345
321
331
328
331
342
324
333
339
341
327
328
340
344
339
324
329
328
339
329
335
335
350
340
343
340
348
340
336
346
337
353
345
351
341
344
339
345
339
337
335
338
343
341
336
330
340
339
340
341
331
339
339
344
331
332
356
337
335
334
338
339
346
335
344
337
340
335
338
340
348
348
347
348
340
333
351
340
343
343
339
351
350
349
341
344
332
349
343
348
340
349
346
348
350
345
335
338
352
337
345
340
351
355
352
351
352
345
338
341
347
329
352
344
347
346
332
348
342
339
338
343
350
342
344
336
332
329
338
330
339
339
340
338
325
328
331
323
331
336
335
327
331
330
331
330
335
342
321
344
336
334
328
334
334
337
338
335
343
337
330
333
348
338
339
341
337
344
339
337
327
334
343
341
331
332
343
335
332
332
323
337
329
330
333
338
329
328
344
332
336
331
340
348
351
372
345
336
372
352
355
350
337
333
339
343
329
338
345
341
345
335
344
345
341
336
333
345
336
327
333
331
339
336
332
337
336
341
332
334
333
347
349
339
341
339
345
347
339
329
337
337
351
331
342
338
335
339
342
330
343
350
334
337
326
345
326
329
331
340
334
334
345
341
346
343
350
370
345
347
339
339
332
342
357
337
342
347
356
330
337
343
342
334
345
338
342
332
332
332
344
326
331
332
339
329
327
331
337
330
332
347
333
340
335
339
350
338
342
336
348
347
342
345
345
340
341
343
342
338
332
349
334
333
340
344
338
344
339
342
345
346
340
325
329
348
343
342
338
346
342
342
333
335
342
345
337
347
338
330
339
346
341
335
339
344
342
338
337
335
344
340
342
338
338
335
350
343
341
340
338
346
336
343
331
336
336
345
333
331
327
339
336
336
334
338
341
337
332
333
344
355
342
331
344
349
323
330
337
338
336
326
336
340
334
336
335
349
335
328
334
346
339
333
339
348
335
333
336
340
337
331
337
340
338
334
338
346
340
336
334
339
339
335
338
339
335
347
334
342
343
337
329
346
342
334
331
331
335
336
331
343
332
336
339
338
341
337
335
331
335
330
332
337
330
330
323
336
335
329
331
339
330
328
330
334
330
328
341
340
346
343
333
338
341
337
338
345
340
344
332
338
342
341
341
340
345
349
350
344
342
340
349
346
350
343
348
331
335
327
337
346
341
345
347
343
343
343
343
338
336
341
347
341
341
341
346
341
334
331
347
350
339
337
343
341
341
330
340
338
335
333
323
327
328
323
329
336
338
328
326
332
324
327
336
339
332
332
335
332
332
339
326
346
337
340
346
334
341
337
339
334
335
337
336
331
339
337
335
334
329
335
338
345
328
338
342
345
342
338
344
352
341
333
338
333
344
340
340
338
354
346
336
338
347
344
339
344
345
343
339
340
344
340
352
341
348
346
344
337
343
343
347
336
344
338
347
348
337
342
340
351
337
339
339
351
332
348
328
334
325
319
331
327
327
321
321
331
327
336
335
341
325
328
332
337
329
335
330
337
337
344
347
340
334
325
332
332
339
326
332
337
331
325
319
326
329
331
337
332
331
328
326
339
322
341
327
327
325
325
331
327
323
331
334
327
322
330
329
324
331
329
329
334
328
327
323
330
326
324
331
325
331
332
802
325
332
336
337
331
341
339
335
329
333
345
332
331
331
339
326
329
331
346
334
334
340
336
336
329
336
336
332
327
335
347
338
347
342
342
345
344
339
343
336
347
351
348
336
340
340
345
338
337
342
333
342
349
337
337
344
344
343
346
336
338
342
342
342
335
340
338
336
332
343
336
338
344
339
339
340
340
337
339
338
341
327
327
324
327
324
328
332
334
331
321
330
329
321
330
331
325
326
334
331
332
332
336
327
330
330
326
337
337
334
333
332
335
337
333
329
331
331
326
327
338
329
332
335
347
328
325
337
341
335
337
333
342
340
333
339
343
336
334
340
339
344
346
344
331
337
355
346
362
345
337
347
359
339
345
340
343
335
348
345
337
330
338
342
342
336
347
342
346
345
339
341
337
350
344
342
336
346
342
346
354
343
357
354
356
357
353
342
340
358
346
350
354
351
351
354
351
351
358
356
356
353
347
359
361
354
342
343
344
341
340
332
344
339
350
342
350
350
347
336
338
334
330
340
334
339
331
342
335
327
342
342
338
347
343
329
342
339
338
344
331
340
341
339
342
341
353
355
343
347
342
355
341
350
348
343
341
348
357
342
342
347
340
350
343
351
358
358
352
348
343
353
348
352
354
351
347
359
341
351
349
350
358
351
360
344
352
340
349
354
361
348
359
351
346
351
353
352
354
357
360
353
345
353
342
356
352
346
348
346
347
349
346
345
343
344
339
353
346
338
341
348
344
353
337
341
344
343
351
344
344
350
345
350
348
343
335
350
346
346
342
345
351
340
349
347
347
339
348
352
361
347
352
341
352
338
371
347
350
340
344
338
349
350
367
347
353
351
350
344
345
347
351
348
348
346
361
356
358
355
360
355
353
351
354
352
357
350
353
343
348
353
348
347
347
346
344
351
364
353
346
357
341
347
348
358
349
348
348
353
345
364
356
370
368
365
362
361
355
352
364
361
346
354
361
349
353
346
359
359
362
361
354
354
353
359
356
363
348
352
351
353
345
358
352
360
351
353
359
353
354
365
357
359
355
357
357
351
346
352
357
360
349
345
355
350
347
354
361
348
351
353
348
356
366
347
359
353
353
341
351
344
372
381
351
359
356
359
349
349
347
347
351
352
353
344
354
341
350
347
343
350
359
350
348
342
344
339
351
351
349
339
341
345
350
346
340
347
350
350
350
353
356
342
341
348
399
395
354
360
360
362
371
358
361
355
355
352
360
354
357
361
356
378
356
345
352
367
354
357
360
363
356
369
366
369
365
351
368
365
361
356
373
348
382
363
505
445
355
375
445
382
375
368
361
348
365
366
358
363
359
353
368
357
360
364
435
368
399
375
367
374
376
358
362
361
366
369
373
365
361
356
354
374
374
380
551
659
528
441
434
403
410
434
401
400
415
411
405
388
392
382
421
457
421
448
376
385
404
400
390
392
379
360
374
415
370
434
478
436
402
382
399
381
369
375
373
364
369
379
361
360
364
361
377
372
362
361
358
368
366
384
394
399
383
381
378
385
385
385
378
399
470
524
414
417
401
394
399
376
401
386
381
397
402
417
378
382
425
412
394
394
397
385
400
419
404
395
396
392
410
455
477
432
400
410
434
438
433
454
437
501
431
417
421
428
399
406
393
415
397
395
401
398
501
433
435
453
421
424
414
381
405
405
401
389
400
406
412
397
400
383
390
396
397
429
445
390
403
378
381
436
555
526
393
371
368
371
366
366
360
387
358
372
358
364
361
369
364
366
364
371
364
370
498
414
384
370
363
368
375
387
362
361
380
359
369
365
368
359
365
361
365
362
367
371
358
364
366
364
365
367
371
379
363
371
371
372
370
371
363
363
361
365
373
358
363
374
365
366
373
369
364
374
371
368
366
369
363
365
366
367
369
369
368
369
370
361
369
372
362
360
369
363
373
375
373
373
369
365
360
365
365
362
372
