491
32
31
31
31
32
33
30
29
35
34
34
30
32
33
31
35
33
35
35
33
33
31
29
30
28
28
29
27
28
28
29
28
27
27
27
27
27
30
36
33
30
31
28
27
26
32
25
27
27
28
29
28
28
28
27
27
28
29
27
24
27
27
26
25
27
25
27
25
29
27
27
28
27
26
26
28
28
26
26
27
28
28
26
27
28
27
28
32
30
27
29
28
25
26
29
26
28
27
102
306
195
197
182
172
169
162
168
228
199
197
193
191
221
181
210
183
192
181
190
214
239
228
209
246
227
223
243
263
276
241
272
290
243
257
247
235
219
214
221
211
215
204
207
202
202
202
213
208
208
205
206
217
204
206
203
211
206
217
225
219
220
218
218
212
225
222
230
215
221
222
225
232
240
224
228
248
243
230
239
241
247
247
244
223
238
222
221
239
227
231
223
229
224
232
238
225
226
224
242
226
244
231
217
229
228
234
235
236
243
238
243
241
249
237
245
242
234
222
227
246
237
239
241
229
246
245
224
224
224
231
232
234
234
235
237
237
245
233
231
230
242
234
238
233
245
244
256
253
234
241
242
245
241
265
233
249
238
250
247
251
237
239
236
251
240
247
244
240
241
238
234
248
240
238
246
251
239
243
245
237
262
245
255
256
249
251
251
249
249
256
248
248
268
251
264
253
260
251
253
249
259
275
267
254
268
270
254
261
263
249
263
256
247
256
255
252
272
269
248
237
248
258
253
257
252
258
245
266
260
264
246
246
252
247
250
247
244
246
257
258
247
256
264
251
259
252
268
257
249
262
263
255
255
251
252
254
252
266
268
252
259
254
253
263
271
254
261
255
254
264
253
252
258
261
256
260
259
256
260
262
254
261
252
252
267
252
270
272
264
259
270
267
270
278
266
265
266
262
260
271
272
263
260
258
275
273
266
302
337
263
263
266
270
259
265
259
257
268
261
257
256
307
264
253
262
262
260
262
262
263
258
253
266
262
265
254
268
255
259
258
255
254
257
323
256
257
272
270
260
269
260
260
264
264
257
259
253
328
328
265
273
262
261
262
274
278
257
262
263
268
265
271
261
262
255
265
260
266
281
272
259
266
271
258
262
268
270
257
264
281
260
267
274
272
259
254
268
258
252
261
273
261
265
274
268
270
266
270
272
276
264
276
271
293
282
274
266
262
263
265
263
278
264
273
268
266
286
274
284
276
265
262
269
282
267
270
272
294
271
278
269
270
290
277
276
268
261
267
280
270
269
275
275
265
274
270
272
268
283
267
281
277
287
290
282
279
293
286
284
276
293
291
280
277
282
287
272
283
285
280
289
280
270
275
273
270
271
271
263
263
268
278
272
289
272
283
283
285
275
272
283
295
293
285
296
290
286
282
262
275
271
267
267
278
266
287
282
278
276
272
270
264
273
280
285
271
268
272
266
277
270
267
266
265
284
256
265
273
268
262
271
258
263
252
266
278
275
282
268
279
277
261
263
270
275
274
267
279
266
265
269
272
277
268
264
272
279
294
278
283
281
272
282
280
270
281
272
276
278
287
276
292
275
287
273
267
270
261
271
272
283
285
282
282
270
273
297
268
271
287
271
280
290
284
270
277
272
280
271
274
278
282
272
288
275
280
272
286
279
286
295
281
296
291
282
290
276
279
277
275
282
282
287
295
296
281
284
306
299
283
299
281
288
283
291
285
283
306
299
286
293
290
296
304
305
302
302
298
282
303
304
321
338
315
305
326
305
315
308
297
291
291
288
306
305
297
303
296
294
314
330
306
299
300
298
300
298
293
306
304
295
299
292
299
303
291
296
296
298
397
288
290
290
307
284
285
301
288
285
290
283
282
287
286
289
295
289
275
275
289
283
282
293
285
283
274
281
290
278
290
275
294
295
299
291
292
293
285
285
287
304
271
287
290
286
285
300
290
287
302
291
290
289
296
304
300
289
286
293
298
284
294
300
305
295
282
314
345
296
294
294
311
335
347
320
292
306
294
307
298
296
295
296
298
294
292
291
289
287
288
284
319
296
293
306
312
305
308
289
295
299
300
312
290
309
295
291
312
304
320
347
335
356
344
358
342
295
307
358
341
386
363
345
327
335
314
335
327
308
303
310
303
319
314
310
323
308
302
318
366
312
303
309
306
316
302
349
320
302
317
329
304
329
317
325
316
298
302
296
312
294
300
302
326
314
317
299
309
301
325
304
304
324
297
304
296
297
305
304
312
303
299
297
303
303
304
320
314
298
294
310
327
303
300
312
312
318
314
318
312
341
321
321
320
319
306
307
306
316
308
307
318
317
307
321
296
324
320
339
315
330
317
314
313
333
293
320
319
307
326
325
316
300
303
307
306
317
306
304
313
311
302
306
312
302
312
309
314
303
314
328
340
334
318
318
309
298
309
321
323
311
310
316
325
309
332
307
297
310
318
309
307
306
299
305
314
318
328
323
338
342
356
334
336
344
337
319
339
324
319
329
310
342
319
348
310
325
343
335
320
336
324
325
326
317
349
341
338
319
331
324
324
315
307
303
317
327
319
318
324
400
345
350
317
310
315
313
318
318
304
312
323
309
312
321
306
320
309
353
339
346
326
371
327
315
321
314
301
321
312
302
324
308
304
320
319
338
352
344
351
368
341
341
338
324
304
316
312
310
325
346
328
301
313
311
311
319
360
342
311
326
310
332
314
331
348
360
380
340
323
337
332
305
332
309
326
322
314
309
309
312
311
322
301
316
312
316
315
302
309
311
311
328
347
339
320
310
325
316
313
328
314
366
353
328
324
318
320
322
341
378
354
327
329
317
336
318
326
326
336
346
324
327
319
314
329
320
319
352
326
319
313
305
312
311
302
318
314
318
311
304
318
315
328
318
321
331
327
338
346
342
325
331
319
337
348
328
339
324
331
328
314
331
326
322
314
310
316
303
314
330
300
308
319
321
312
332
307
317
336
323
324
323
310
308
335
321
331
321
300
310
338
307
300
325
323
316
323
312
322
327
317
310
334
327
310
294
306
311
313
316
309
312
326
303
303
315
307
321
299
324
317
309
306
311
308
310
314
326
315
305
308
304
320
300
304
307
307
310
301
307
312
304
296
303
301
315
326
308
313
302
297
298
302
294
312
295
294
311
312
297
308
302
310
306
308
312
307
301
317
311
300
317
295
318
305
320
302
299
302
296
318
315
306
311
302
305
309
314
312
303
305
309
312
306
297
316
302
302
307
304
298
300
298
308
297
298
322
318
315
294
314
316
303
315
301
319
303
297
300
307
305
312
301
304
324
303
305
304
314
324
321
307
300
300
305
302
314
293
309
306
297
305
336
340
303
302
298
302
300
300
299
312
299
293
300
310
308
308
322
322
306
313
314
309
316
301
312
291
304
311
301
300
298
304
324
322
314
318
309
317
314
315
301
305
311
316
305
315
321
310
299
305
305
311
318
304
300
308
321
309
312
303
311
317
302
307
320
316
301
320
314
310
333
304
323
305
320
325
306
323
308
327
324
312
318
326
324
302
313
312
314
301
307
322
319
318
318
327
313
305
318
306
297
295
303
296
296
301
311
311
298
296
301
298
298
302
300
301
305
298
306
301
297
304
295
295
295
303
308
304
303
298
302
300
299
304
305
307
311
302
311
311
307
313
299
310
314
309
307
304
307
305
304
303
302
299
309
304
302
296
295
301
308
301
299
307
309
301
298
299
302
307
305
304
310
315
312
314
307
315
312
305
306
314
313
308
313
309
316
350
305
309
315
312
306
308
308
302
305
296
306
306
302
307
298
310
305
314
315
324
311
314
327
324
320
324
311
328
319
322
307
526
296
320
316
308
303
307
296
306
295
307
293
292
310
309
299
312
308
308
310
299
317
303
311
304
322
332
321
310
317
317
308
312
316
309
310
317
302
325
315
309
323
311
310
323
316
320
310
331
322
316
338
322
319
330
329
315
322
314
325
322
328
309
335
313
327
319
318
326
312
309
330
341
331
313
334
316
335
324
313
330
330
302
315
320
316
318
313
317
304
315
311
314
306
310
314
322
314
318
326
314
316
323
308
332
355
344
377
352
324
308
304
313
325
316
315
321
315
316
310
330
321
314
323
324
335
336
321
312
336
342
330
321
320
323
315
317
340
311
311
317
338
320
339
320
314
322
338
322
339
312
332
327
302
314
318
313
324
330
320
325
317
331
328
320
310
325
332
337
325
333
333
322
316
317
323
324
325
342
328
321
314
322
317
331
324
319
329
321
323
328
321
320
335
324
314
336
317
318
307
321
323
328
317
317
332
321
315
313
309
321
319
310
315
325
319
324
314
322
319
323
320
323
338
328
314
321
310
313
314
321
327
327
317
335
325
318
323
333
318
344
334
321
330
318
313
326
318
329
329
328
316
321
318
323
311
314
321
342
319
322
333
318
331
316
325
329
346
337
325
332
334
343
321
326
333
340
322
329
336
323
326
315
329
325
317
316
322
315
329
326
334
338
322
326
323
326
319
324
323
327
311
340
324
317
335
327
338
321
323
332
321
317
337
327
317
327
320
337
323
324
323
318
337
313
326
317
317
346
342
338
337
345
338
323
316
315
329
328
322
329
318
335
321
315
338
323
315
321
321
305
319
317
321
330
329
321
312
315
318
331
327
319
338
323
316
350
328
323
318
312
330
324
311
333
330
334
320
329
318
313
330
321
312
312
328
326
327
313
325
332
318
328
314
342
336
330
324
345
328
328
336
344
319
332
326
340
325
320
325
335
327
332
322
344
342
339
319
335
333
323
316
332
325
338
324
327
333
331
334
330
325
331
345
324
329
334
341
337
327
322
351
329
334
337
333
349
335
332
331
346
329
326
331
331
329
343
338
336
345
342
345
331
353
340
340
323
331
331
313
331
323
333
327
319
339
343
318
327
321
341
338
337
345
349
331
333
321
326
326
333
328
324
330
325
322
327
326
336
326
340
326
332
320
340
329
322
328
331
335
338
336
335
320
329
331
324
335
324
330
329
333
336
326
347
325
320
328
346
325
325
339
342
341
346
324
330
333
336
330
340
335
349
339
328
336
327
330
331
329
323
330
340
328
330
334
339
333
343
318
322
329
330
325
319
320
339
318
338
324
326
339
337
323
328
325
325
318
332
343
345
326
332
332
344
334
321
322
327
330
334
325
339
328
319
338
329
340
335
329
332
328
326
344
331
333
337
337
341
339
329
327
348
390
401
343
332
350
323
325
332
321
332
338
348
328
337
331
330
331
330
337
336
321
334
330
328
324
334
325
331
326
330
321
322
335
335
322
338
327
328
334
321
337
318
324
320
319
321
332
325
325
330
324
321
322
317
339
329
325
325
322
334
321
324
329
328
335
320
324
327
326
338
333
333
340
350
327
348
339
340
327
334
346
368
361
347
326
345
335
340
346
334
343
336
333
340
345
328
335
339
348
347
348
332
343
344
329
340
338
354
344
347
341
330
340
345
336
353
335
335
339
324
332
344
344
338
331
324
331
346
327
341
345
348
355
330
344
376
371
342
339
331
343
334
325
328
329
333
325
335
315
323
319
318
313
313
319
315
312
317
326
320
319
318
318
323
319
319
316
326
318
320
318
320
332
315
320
331
322
317
326
335
323
324
327
325
326
334
326
324
325
330
325
332
329
327
334
332
335
330
336
329
373
343
323
342
335
334
331
329
335
334
340
339
335
339
350
346
338
329
340
337
341
320
322
340
338
339
346
339
332
336
337
340
336
343
337
332
338
348
325
336
329
339
319
330
330
321
339
321
322
334
330
334
328
318
329
334
318
336
322
326
319
325
342
318
329
326
336
320
334
338
320
345
343
335
321
337
334
326
331
341
329
347
339
337
345
348
337
340
354
356
350
338
338
334
350
329
352
346
338
360
337
337
332
336
343
332
334
331
351
337
323
338
334
336
342
344
337
330
350
332
340
327
324
326
340
334
327
328
331
328
337
331
343
344
324
334
347
334
336
335
341
333
330
327
325
331
332
353
343
346
335
332
331
328
346
338
334
335
336
329
331
341
349
333
350
334
344
332
336
335
334
340
329
343
323
354
329
323
326
330
336
333
350
340
345
347
346
347
353
326
349
331
339
330
344
338
342
332
348
345
339
335
332
335
329
344
329
342
333
341
324
324
340
328
320
326
334
328
335
351
330
330
329
333
338
342
331
338
319
340
325
325
339
333
337
345
335
331
347
346
323
339
335
332
334
338
337
336
347
339
333
350
347
340
356
346
355
345
335
331
345
345
342
338
349
335
348
346
343
356
333
333
332
347
347
333
326
328
342
335
324
330
347
325
341
326
337
336
323
347
337
321
327
329
336
340
338
335
348
351
336
330
332
339
331
331
330
342
330
344
337
336
341
344
359
335
336
328
338
338
336
327
342
334
329
335
351
324
328
338
329
335
336
347
328
343
332
337
327
348
336
328
352
339
338
357
342
340
338
346
344
331
338
334
347
339
345
340
343
335
343
330
352
342
337
352
345
344
351
345
327
339
350
335
344
348
344
346
340
340
348
342
352
334
344
341
338
336
344
342
338
346
345
340
346
362
348
338
337
343
329
338
340
340
347
338
344
349
332
344
342
344
342
355
340
357
338
340
361
353
344
353
340
343
338
360
342
330
359
346
338
357
344
364
343
348
345
343
350
339
337
334
342
337
345
347
359
340
350
336
346
344
342
328
344
332
331
338
325
343
338
335
325
353
341
324
325
346
480
380
356
397
345
356
359
355
383
359
343
340
337
334
343
354
358
361
338
327
357
355
354
371
349
353
362
353
364
342
343
343
335
353
348
343
356
342
344
334
348
333
343
325
348
333
351
356
327
331
335
345
327
346
337
329
344
340
348
333
336
334
353
343
343
332
350
337
350
331
360
348
332
332
329
338
337
334
342
345
349
346
356
340
336
353
355
361
351
356
356
347
357
350
345
356
351
346
363
348
352
351
383
388
395
357
381
362
362
384
373
388
356
375
376
379
414
418
393
393
373
379
377
387
381
371
405
362
346
370
379
348
434
428
464
393
365
356
360
377
348
396
417
397
351
360
359
378
354
359
344
345
363
350
350
365
348
385
348
332
356
347
358
352
352
342
366
339
340
362
350
345
346
347
381
373
379
429
368
356
345
347
346
364
351
351
359
366
356
360
378
355
383
390
375
371
358
392
393
433
379
373
369
371
375
382
352
345
351
353
364
351
353
383
360
386
354
349
373
347
341
349
351
360
358
341
353
345
344
342
349
336
328
355
334
346
344
332
341
363
350
340
341
342
343
359
352
361
348
367
347
397
426
397
365
402
382
375
383
385
374
380
370
374
357
354
349
357
361
363
362
356
364
347
366
354
369
366
376
372
384
372
378
367
377
367
355
354
363
361
374
361
365
376
358
355
364
352
355
372
364
364
353
365
376
362
368
359
374
383
376
365
363
363
362
378
367
375
346
412
424
364
364
364
367
352
349
350
349
350
354
347
352
349
355
354
353
357
350
391
350
356
351
349
356
361
354
349
353
358
363
350
355
358
354
353
357
352
362
356
354
354
351
358
348
359
410
413
360
357
360
359
353
372
350
345
345
333
352
340
345
370
365
355
347
342
345
344
341
352
347
339
337
342
346
333
341
330
338
326
325
330
327
331
330
333
337
334
337
333
332
343
337
342
332
336
351
349
338
328
337
338
334
340
338
348
332
332
338
340
359
352
344
353
333
335
328
336
367
341
344
345
360
344
344
376
372
337
328
334
347
347
336
346
334
338
340
337
344
343
343
338
336
338
343
336
343
345
340
343
334
335
348
341
346
336
357
337
335
337
344
342
341
345
346
338
334
342
328
343
331
333
325
332
321
323
316
323
319
327
329
319
331
337
327
318
326
326
321
327
332
329
325
326
324
328
329
330
327
328
331
325
320
315
324
315
318
322
327
319
320
326
329
325
325
332
327
325
326
319
332
326
319
320
325
330
338
381
380
337
327
321
333
327
335
332
331
330
327
325
333
332
330
801
337
341
338
343
343
334
345
350
341
355
338
343
345
346
359
349
338
348
344
344
348
351
342
359
345
347
350
335
337
336
342
336
341
342
342
358
378
349
346
342
362
349
348
350
351
346
351
346
359
351
345
343
348
347
348
348
340
347
340
352
344
349
346
360
341
363
357
347
348
362
355
346
354
359
349
354
354
355
355
352
373
355
342
339
346
342
329
333
339
339
336
336
340
335
333
342
337
333
348
336
338
340
350
341
345
336
342
348
335
341
332
352
343
337
337
346
337
336
333
330
339
338
333
333
344
341
336
338
336
334
344
343
350
338
347
345
343
335
341
345
342
346
349
346
340
348
338
340
345
358
353
355
338
349
347
349
348
347
350
347
343
350
346
345
342
349
352
343
344
353
352
354
348
350
357
357
348
358
349
353
346
347
357
353
370
353
356
358
356
360
368
355
347
348
353
353
345
357
350
354
355
351
350
352
363
379
366
364
363
360
362
353
361
347
347
353
348
347
340
342
341
341
342
346
337
336
340
337
336
340
335
342
345
340
334
336
345
346
344
347
349
345
344
329
342
339
346
342
344
359
348
344
357
344
344
348
352
357
350
347
354
352
354
361
344
354
347
350
354
349
344
349
355
362
353
360
350
350
347
359
346
356
356
358
360
353
352
355
356
353
370
363
362
354
359
355
355
363
364
353
356
352
352
353
353
372
359
358
357
353
362
353
352
361
355
356
353
346
355
351
348
348
381
374
347
342
349
350
346
346
355
346
344
341
349
353
344
344
351
356
344
357
404
410
341
340
345
353
350
352
359
361
353
351
363
362
365
362
363
343
351
364
355
362
354
348
349
341
342
356
344
362
346
355
359
353
350
340
336
367
358
361
361
355
369
352
343
362
342
358
356
361
350
348
352
356
347
352
354
365
345
344
353
347
360
359
357
342
361
352
344
362
362
359
347
368
350
349
352
361
363
362
354
361
363
351
348
348
356
347
359
354
350
357
362
350
357
354
348
347
368
353
350
360
371
341
357
351
363
347
352
347
371
368
344
355
352
359
366
360
357
372
349
344
363
350
345
341
364
357
356
346
351
350
358
362
373
350
353
354
351
359
352
353
366
354
364
349
365
366
360
358
347
357
343
350
346
355
356
347
337
342
337
349
342
342
330
341
344
355
337
352
335
352
345
341
344
351
344
338
345
338
350
338
341
340
353
356
346
352
368
353
348
353
368
342
340
340
343
357
354
352
360
346
348
352
356
356
347
352
354
355
343
347
344
352
363
360
351
374
363
363
362
362
354
358
372
354
358
354
352
357
361
349
358
354
356
351
349
366
347
398
378
353
351
354
380
347
343
350
366
347
360
356
345
350
362
363
362
351
373
367
348
357
359
350
368
367
369
372
346
348
360
345
351
376
356
372
352
362
344
359
369
381
352
354
372
357
363
348
356
359
348
370
376
354
360
367
350
367
359
357
356
366
351
355
352
355
360
351
351
355
350
355
367
358
372
363
351
366
357
364
357
364
353
372
356
349
387
394
353
358
370
377
361
358
355
352
362
356
353
362
362
355
353
380
344
369
349
366
349
349
353
373
356
377
355
354
352
368
377
362
359
380
354
361
361
368
349
370
356
364
348
358
361
355
358
345
347
369
357
352
364
353
353
353
371
358
360
354
360
358
369
360
369
361
351
353
370
368
377
369
378
370
372
362
380
374
371
350
360
369
347
355
368
359
356
353
366
360
352
353
363
353
372
360
354
373
365
361
369
370
365
354
364
371
368
354
361
361
347
349
352
353
354
358
371
364
365
367
363
361
356
357
366
347
360
350
362
346
360
353
352
350
348
341
352
349
347
347
369
348
354
348
352
355
351
348
361
350
358
343
354
361
356
372
369
355
359
350
348
372
362
365
364
368
365
357
378
356
357
379
368
367
359
358
360
373
394
391
368
368
361
355
360
355
360
367
370
369
369
351
368
362
368
361
368
371
364
360
364
360
353
348
357
375
353
364
368
365
351
353
366
354
354
372
364
362
359
355
368
371
366
363
355
367
362
370
369
371
374
373
369
365
359
364
369
353
364
359
368
361
353
364
342
349
348
353
358
352
344
346
354
350
347
356
354
347
346
354
349
348
351
358
349
352
341
350
345
350
337
352
342
354
348
351
345
350
356
349
348
357
346
355
347
348
396
424
356
357
349
339
340
352
350
343
347
351
349
350
345
344
335
338
345
351
341
339
332
344
343
339
333
337
348
341
341
331
336
332
344
334
336
353
344
339
333
338
339
337
341
344
346
342
339
339
337
342
343
341
353
334
